  1.7118208e+000
  7.3954332e-001
 -5.7531898e-001
 -4.6148244e-001
 -8.0409015e-001
 -1.1832569e-001
 -1.1472469e+000
 -5.1867524e-001
 -1.0328613e+000
 -1.1472469e+000
 -7.4689735e-001
 -7.4689735e-001
 -9.7566852e-001
 -8.6128294e-001
  1.6803862e-001
 -3.4709686e-001
  7.3994367e-001
  6.2555808e-001
  5.6838817e-001
 -2.3271128e-001
 -6.1132898e-002
  3.3961700e-001
 -3.9411926e-003
 -1.3188253e+000
  3.9680979e-001
 -7.4689735e-001
 -6.3251177e-001
  1.1084583e-001
 -1.8907532e+000
 -1.1832569e-001
  5.3651892e-002
 -1.6047892e+000
 -1.2044397e+000
 -3.9411926e-003
 -2.3271128e-001
 -4.6148244e-001
  7.3994367e-001
 -5.1867524e-001
 -1.1832569e-001
  5.1119537e-001
  3.9680979e-001
 -1.1832569e-001
  3.9680979e-001
  9.1152204e-001
  3.3961700e-001
  2.2523141e-001
  2.8242420e-001
  1.5406428e+000
 -4.6148244e-001
  1.8266067e+000
  2.2523141e-001
 -2.8990407e-001
  9.6871484e-001
  1.1402932e+000
  1.7122211e+000
  1.3118716e+000
  1.5978356e+000
  1.5978356e+000
  1.4262572e+000
  1.1402932e+000
  1.4834500e+000
  1.5406428e+000
  1.0259076e+000
  8.5432925e-001
  1.4262572e+000
  9.1152204e-001
  1.1402932e+000
  1.0259076e+000
  1.6803862e-001
  1.8837995e+000
  2.2523141e-001
  1.1402932e+000
  7.3994367e-001
 -2.8990407e-001
 -1.7551848e-001
  1.6803862e-001
 -8.0409015e-001
 -6.1132898e-002
  2.2523141e-001
 -8.0409015e-001
 -8.6128294e-001
 -3.9411926e-003
 -9.7566852e-001
 -3.4709686e-001
 -2.0051388e+000
 -7.4689735e-001
 -1.1832569e-001
  2.8242420e-001
 -6.8970456e-001
  5.3651892e-002
  3.9680979e-001
  7.3994367e-001
 -2.3271128e-001
 -6.1132898e-002
 -4.0428965e-001
 -6.3251177e-001
 -9.7566852e-001
 -1.6619820e+000
  9.6871484e-001
  3.3961700e-001
  3.9680979e-001
 -3.4709686e-001
 -2.8990407e-001
 -3.4709686e-001
  1.6803862e-001
  4.5400258e-001
  1.0831004e+000
  9.6871484e-001
  1.6803862e-001
 -6.1132898e-002
  6.8275087e-001
  7.3994367e-001
  4.5400258e-001
 -1.1832569e-001
  5.1119537e-001
  6.2555808e-001
  7.9713646e-001
  5.3651892e-002
  6.8275087e-001
  9.1152204e-001
 -2.3271128e-001
  7.9713646e-001
 -2.4054883e+000
  7.9713646e-001
  2.8242420e-001
 -1.1832569e-001
  2.8242420e-001
 -6.1132898e-002
  2.2523141e-001
 -4.6148244e-001
  6.8275087e-001
  1.6550283e+000
  2.2269563e+000
 -4.6148244e-001
 -2.3271128e-001
  1.1084583e-001
  1.0831004e+000
  5.1119537e-001
  5.3651892e-002
  5.1119537e-001
  6.2555808e-001
  9.6871484e-001
  3.9680979e-001
  2.2523141e-001
  1.1974860e+000
  5.1119537e-001
  7.9713646e-001
  7.3994367e-001
  2.8242420e-001
 -7.4689735e-001
 -1.1832569e-001
 -2.8990407e-001
 -4.6148244e-001
 -1.3760181e+000
 -8.0409015e-001
 -1.3188253e+000
 -3.4709686e-001
 -1.1832569e-001
  7.9713646e-001
  1.1402932e+000
  1.1084583e-001
  5.6838817e-001
  5.6838817e-001
  1.4262572e+000
  1.4834500e+000
  1.3118716e+000
  2.2523141e-001
 -3.4709686e-001
 -4.6148244e-001
  2.2523141e-001
  3.9680979e-001
 -6.3251177e-001
  5.3651892e-002
 -8.0409015e-001
 -1.8907532e+000
 -9.7566852e-001
 -1.2616325e+000
 -9.7566852e-001
 -1.4904037e+000
  1.6803862e-001
 -1.4332109e+000
 -4.6148244e-001
 -1.4332109e+000
 -2.8990407e-001
 -4.6148244e-001
  1.6803862e-001
  5.3651892e-002
  4.5400258e-001
 -6.1132898e-002
 -1.7551848e-001
  5.3651892e-002
 -4.0428965e-001
  1.8837995e+000
  1.6550283e+000
  9.1152204e-001
 -6.1132898e-002
 -1.1832569e-001
  5.1119537e-001
  1.6803862e-001
  5.6838817e-001
  7.3994367e-001
 -3.9411926e-003
 -4.0428965e-001
 -6.3251177e-001
  5.1119537e-001
  1.1974860e+000
 -2.8990407e-001
 -6.1132898e-002
  1.2546788e+000
  9.6871484e-001
  7.3994367e-001
  5.3651892e-002
 -1.1832569e-001
 -1.1832569e-001
 -2.3271128e-001
  2.2523141e-001
 -1.6619820e+000
 -8.6128294e-001
  5.3651892e-002
 -4.6148244e-001
 -3.4709686e-001
 -3.9411926e-003
 -5.1867524e-001
 -3.4709686e-001
 -9.7566852e-001
 -1.0900541e+000
 -3.9411926e-003
  4.5400258e-001
 -1.1472469e+000
 -1.3760181e+000
  2.2523141e-001
 -1.7551848e-001
  2.8242420e-001
  8.5432925e-001
 -4.0428965e-001
  3.9680979e-001
  1.3690644e+000
  1.0259076e+000
  1.7694139e+000
  2.0553779e+000
  3.9680979e-001
  1.9409923e+000
  2.1125707e+000
  1.7694139e+000
  8.5432925e-001
  2.8242420e-001
  2.2523141e-001
  1.4262572e+000
  1.7122211e+000
  1.7694139e+000
  6.8275087e-001
  2.2523141e-001
  5.1119537e-001
  9.6871484e-001
  2.2523141e-001
 -1.7551848e-001
 -1.7763676e+000
 -8.6128294e-001
 -1.6047892e+000
 -7.4689735e-001
 -1.3188253e+000
 -9.7566852e-001
 -2.3271128e-001
 -1.3188253e+000
 -2.8990407e-001
 -1.6619820e+000
  3.3961700e-001
 -3.9411926e-003
  3.9680979e-001
  9.1152204e-001
  6.8275087e-001
  1.1402932e+000
  1.4834500e+000
  7.3994367e-001
  2.8560770e+000
  1.9981851e+000
  2.6273058e+000
  1.9981851e+000
  2.2269563e+000
  9.6871484e-001
  9.6871484e-001
  2.2523141e-001
  1.2546788e+000
  6.2555808e-001
  1.3118716e+000
  9.1152204e-001
 -1.1832569e-001
  1.6803862e-001
 -5.7531898e-001
  7.3994367e-001
  1.2546788e+000
  1.1402932e+000
  6.2555808e-001
  1.1974860e+000
  2.1125707e+000
  1.9409923e+000
  2.3985346e+000
  1.7694139e+000
  1.3690644e+000
  2.2841491e+000
  1.5406428e+000
  1.6550283e+000
  1.4262572e+000
  2.8242420e-001
  3.3961700e-001
  5.3651892e-002
 -9.1847573e-001
 -1.0900541e+000
 -1.0900541e+000
  3.9680979e-001
  7.9713646e-001
 -4.0428965e-001
 -4.6148244e-001
  1.1402932e+000
 -1.0328613e+000
 -5.7531898e-001
 -6.3251177e-001
 -1.2616325e+000
 -1.2616325e+000
 -1.0900541e+000
 -7.4689735e-001
 -1.1472469e+000
 -1.2616325e+000
 -1.1472469e+000
 -2.3271128e-001
 -3.0918018e+000
 -5.7531898e-001
 -4.0428965e-001
  1.3690644e+000
  4.5400258e-001
  5.6838817e-001
  1.6803862e-001
  2.2523141e-001
 -5.1867524e-001
  5.3651892e-002
 -6.1132898e-002
 -4.6148244e-001
  9.1152204e-001
 -2.8990407e-001
 -2.3271128e-001
  4.5400258e-001
  5.1119537e-001
  1.4262572e+000
 -4.0428965e-001
  2.8242420e-001
 -1.7551848e-001
 -4.0428965e-001
 -7.4689735e-001
  4.5400258e-001
  1.6803862e-001
 -9.7566852e-001
 -8.0409015e-001
 -1.1832569e-001
 -2.3271128e-001
 -6.1132898e-002
  1.6803862e-001
 -3.4709686e-001
 -6.1132898e-002
 -2.8990407e-001
 -1.1832569e-001
  3.9680979e-001
 -4.0428965e-001
 -1.7763676e+000
 -2.3271128e-001
  7.9713646e-001
  1.1402932e+000
  8.5432925e-001
  5.1119537e-001
  5.1119537e-001
 -5.1867524e-001
  2.2523141e-001
  5.6838817e-001
  1.4262572e+000
  1.1084583e-001
  2.2523141e-001
 -3.9411926e-003
 -4.6148244e-001
 -1.3188253e+000
 -1.6619820e+000
 -2.1195244e+000
 -1.7191748e+000
 -1.8907532e+000
 -2.7486451e+000
 -2.4626811e+000
 -3.7781153e+000
 -4.1784649e+000
 -3.0346090e+000
 -1.0900541e+000
  5.6838817e-001
 -1.1832569e-001
 -5.7531898e-001
 -3.9411926e-003
  1.1402932e+000
  3.9680979e-001
 -3.9411926e-003
  5.3651892e-002
  2.8242420e-001
  6.8275087e-001
 -6.8970456e-001
  3.3961700e-001
  1.1084583e-001
 -5.7531898e-001
  2.2523141e-001
  2.2523141e-001
  2.8242420e-001
 -4.0428965e-001
  3.9680979e-001
 -2.3271128e-001
 -2.3271128e-001
  1.1402932e+000
  3.3961700e-001
  1.1402932e+000
  3.3961700e-001
 -6.8970456e-001
 -6.1132898e-002
  7.9713646e-001
  1.1084583e-001
 -5.1867524e-001
 -1.1832569e-001
  2.8242420e-001
  1.0259076e+000
 -1.3760181e+000
  1.1084583e-001
  2.2523141e-001
 -3.4709686e-001
  7.9713646e-001
  2.8242420e-001
 -7.4689735e-001
 -4.0428965e-001
  6.8275087e-001
 -1.2616325e+000
 -1.5475964e+000
 -6.8970456e-001
 -1.6047892e+000
 -1.7191748e+000
 -1.5475964e+000
 -1.4332109e+000
 -1.4332109e+000
 -1.4332109e+000
 -1.2616325e+000
 -9.1847573e-001
 -4.6148244e-001
  5.3651892e-002
 -5.1867524e-001
 -3.9411926e-003
 -6.3251177e-001
  2.2523141e-001
  1.1084583e-001
  9.1152204e-001
 -6.1132898e-002
  1.1402932e+000
  1.4262572e+000
  2.1125707e+000
  1.4262572e+000
  1.8837995e+000
  1.3690644e+000
  1.7122211e+000
  1.1974860e+000
  7.3994367e-001
  1.6550283e+000
  1.2546788e+000
  6.2555808e-001
  9.6871484e-001
 -5.7531898e-001
  6.8275087e-001
  7.3994367e-001
 -1.7551848e-001
 -5.1867524e-001
 -6.1132898e-002
 -2.0623316e+000
 -9.1847573e-001
  1.1084583e-001
  1.1974860e+000
  1.1084583e-001
  6.2555808e-001
 -4.0428965e-001
 -5.7531898e-001
  2.2523141e-001
 -4.6148244e-001
 -2.3271128e-001
  7.3994367e-001
  1.1084583e-001
 -1.0900541e+000
 -8.0409015e-001
 -1.2044397e+000
 -3.4709686e-001
  5.3651892e-002
 -6.3251177e-001
 -1.4904037e+000
 -1.2044397e+000
 -6.3251177e-001
 -1.9479460e+000
 -3.0346090e+000
 -1.1472469e+000
 -2.5770667e+000
 -1.1472469e+000
  2.2523141e-001
 -9.1847573e-001
 -5.7531898e-001
  1.6803862e-001
  1.6803862e-001
 -1.6619820e+000
 -6.3251177e-001
 -6.3251177e-001
 -9.7566852e-001
 -1.0328613e+000
 -8.6128294e-001
 -1.3188253e+000
 -4.0428965e-001
 -1.0900541e+000
 -8.6128294e-001
 -1.2044397e+000
 -5.7531898e-001
 -1.2616325e+000
 -3.9411926e-003
  2.2523141e-001
 -1.1832569e-001
  1.1084583e-001
 -1.0900541e+000
 -1.4904037e+000
 -8.0409015e-001
 -6.8970456e-001
 -1.4904037e+000
 -1.5475964e+000
 -1.5475964e+000
 -1.3188253e+000
 -5.1867524e-001
 -1.3188253e+000
 -4.0428965e-001
 -2.8990407e-001
  3.9680979e-001
 -8.6128294e-001
 -5.1867524e-001
 -6.1132898e-002
  5.1119537e-001
  1.1084583e-001
  4.5400258e-001
 -1.1832569e-001
  1.1084583e-001
 -5.7531898e-001
