"radon" "state" "log_radon" "floor" "countyname" "countyID" "fips" "uranium" "log_uranium"
2.2 "MN" 0.78845736036427 1 "AITKIN" 1 27001 0.502054 -0.6890475953545
2.2 "MN" 0.78845736036427 0 "AITKIN" 1 27001 0.502054 -0.6890475953545
2.9 "MN" 1.06471073699243 0 "AITKIN" 1 27001 0.502054 -0.6890475953545
1 "MN" 0 0 "AITKIN" 1 27001 0.502054 -0.6890475953545
3.1 "MN" 1.1314021114911 0 "ANOKA" 2 27003 0.428565 -0.847312860499705
2.5 "MN" 0.916290731874155 0 "ANOKA" 2 27003 0.428565 -0.847312860499705
1.5 "MN" 0.405465108108164 0 "ANOKA" 2 27003 0.428565 -0.847312860499705
1 "MN" 0 0 "ANOKA" 2 27003 0.428565 -0.847312860499705
0.7 "MN" -0.356674943938732 0 "ANOKA" 2 27003 0.428565 -0.847312860499705
1.2 "MN" 0.182321556793955 0 "ANOKA" 2 27003 0.428565 -0.847312860499705
1.2 "MN" 0.182321556793955 0 "ANOKA" 2 27003 0.428565 -0.847312860499705
1.3 "MN" 0.262364264467491 0 "ANOKA" 2 27003 0.428565 -0.847312860499705
1.4 "MN" 0.336472236621213 0 "ANOKA" 2 27003 0.428565 -0.847312860499705
0.4 "MN" -0.916290731874155 0 "ANOKA" 2 27003 0.428565 -0.847312860499705
1.1 "MN" 0.0953101798043249 0 "ANOKA" 2 27003 0.428565 -0.847312860499705
4.5 "MN" 1.50407739677627 0 "ANOKA" 2 27003 0.428565 -0.847312860499705
1.3 "MN" 0.262364264467491 0 "ANOKA" 2 27003 0.428565 -0.847312860499705
2.1 "MN" 0.741937344729377 0 "ANOKA" 2 27003 0.428565 -0.847312860499705
5.9 "MN" 1.77495235091167 0 "ANOKA" 2 27003 0.428565 -0.847312860499705
3.3 "MN" 1.19392246847243 0 "ANOKA" 2 27003 0.428565 -0.847312860499705
1.8 "MN" 0.587786664902119 0 "ANOKA" 2 27003 0.428565 -0.847312860499705
5.4 "MN" 1.68639895357023 0 "ANOKA" 2 27003 0.428565 -0.847312860499705
6.3 "MN" 1.84054963339749 0 "ANOKA" 2 27003 0.428565 -0.847312860499705
1.9 "MN" 0.641853886172395 0 "ANOKA" 2 27003 0.428565 -0.847312860499705
6.6 "MN" 1.88706964903238 0 "ANOKA" 2 27003 0.428565 -0.847312860499705
3.1 "MN" 1.1314021114911 0 "ANOKA" 2 27003 0.428565 -0.847312860499705
6.8 "MN" 1.91692261218206 0 "ANOKA" 2 27003 0.428565 -0.847312860499705
7 "MN" 1.94591014905531 0 "ANOKA" 2 27003 0.428565 -0.847312860499705
7.7 "MN" 2.04122032885964 0 "ANOKA" 2 27003 0.428565 -0.847312860499705
5.2 "MN" 1.64865862558738 0 "ANOKA" 2 27003 0.428565 -0.847312860499705
4.5 "MN" 1.50407739677627 0 "ANOKA" 2 27003 0.428565 -0.847312860499705
4.4 "MN" 1.48160454092422 0 "ANOKA" 2 27003 0.428565 -0.847312860499705
2.8 "MN" 1.02961941718116 0 "ANOKA" 2 27003 0.428565 -0.847312860499705
8.1 "MN" 2.09186406167839 0 "ANOKA" 2 27003 0.428565 -0.847312860499705
1.6 "MN" 0.470003629245736 0 "ANOKA" 2 27003 0.428565 -0.847312860499705
4.2 "MN" 1.43508452528932 0 "ANOKA" 2 27003 0.428565 -0.847312860499705
5.4 "MN" 1.68639895357023 0 "ANOKA" 2 27003 0.428565 -0.847312860499705
4 "MN" 1.38629436111989 0 "ANOKA" 2 27003 0.428565 -0.847312860499705
2.3 "MN" 0.832909122935104 0 "ANOKA" 2 27003 0.428565 -0.847312860499705
2.9 "MN" 1.06471073699243 0 "ANOKA" 2 27003 0.428565 -0.847312860499705
1.4 "MN" 0.336472236621213 0 "ANOKA" 2 27003 0.428565 -0.847312860499705
3.3 "MN" 1.19392246847243 0 "ANOKA" 2 27003 0.428565 -0.847312860499705
2.9 "MN" 1.06471073699243 0 "ANOKA" 2 27003 0.428565 -0.847312860499705
1.8 "MN" 0.587786664902119 1 "ANOKA" 2 27003 0.428565 -0.847312860499705
0.2 "MN" -1.6094379124341 1 "ANOKA" 2 27003 0.428565 -0.847312860499705
2.4 "MN" 0.8754687373539 0 "ANOKA" 2 27003 0.428565 -0.847312860499705
1.1 "MN" 0.0953101798043249 1 "ANOKA" 2 27003 0.428565 -0.847312860499705
2.2 "MN" 0.78845736036427 0 "ANOKA" 2 27003 0.428565 -0.847312860499705
0.6 "MN" -0.510825623765991 0 "ANOKA" 2 27003 0.428565 -0.847312860499705
1.7 "MN" 0.53062825106217 0 "ANOKA" 2 27003 0.428565 -0.847312860499705
2.9 "MN" 1.06471073699243 0 "ANOKA" 2 27003 0.428565 -0.847312860499705
2.2 "MN" 0.78845736036427 0 "ANOKA" 2 27003 0.428565 -0.847312860499705
1.7 "MN" 0.53062825106217 0 "ANOKA" 2 27003 0.428565 -0.847312860499705
1.4 "MN" 0.336472236621213 0 "ANOKA" 2 27003 0.428565 -0.847312860499705
1.9 "MN" 0.641853886172395 0 "ANOKA" 2 27003 0.428565 -0.847312860499705
1.8 "MN" 0.587786664902119 0 "ANOKA" 2 27003 0.428565 -0.847312860499705
1.2 "MN" 0.182321556793955 1 "BECKER" 3 27005 0.892741 -0.11345877376814
4.3 "MN" 1.45861502269952 0 "BECKER" 3 27005 0.892741 -0.11345877376814
4.5 "MN" 1.50407739677627 1 "BECKER" 3 27005 0.892741 -0.11345877376814
6.3 "MN" 1.84054963339749 0 "BELTRAMI" 4 27007 0.552472 -0.593352525607471
4.6 "MN" 1.52605630349505 0 "BELTRAMI" 4 27007 0.552472 -0.593352525607471
5.7 "MN" 1.7404661748405 0 "BELTRAMI" 4 27007 0.552472 -0.593352525607471
2.2 "MN" 0.78845736036427 1 "BELTRAMI" 4 27007 0.552472 -0.593352525607471
0.4 "MN" -0.916290731874155 1 "BELTRAMI" 4 27007 0.552472 -0.593352525607471
4.6 "MN" 1.52605630349505 1 "BELTRAMI" 4 27007 0.552472 -0.593352525607471
4.4 "MN" 1.48160454092422 1 "BELTRAMI" 4 27007 0.552472 -0.593352525607471
6.6 "MN" 1.88706964903238 0 "BENTON" 5 27009 0.866849 -0.142890481153028
2.7 "MN" 0.993251773010283 0 "BENTON" 5 27009 0.866849 -0.142890481153028
2.9 "MN" 1.06471073699243 1 "BENTON" 5 27009 0.866849 -0.142890481153028
2.9 "MN" 1.06471073699243 0 "BENTON" 5 27009 0.866849 -0.142890481153028
7.2 "MN" 1.97408102602201 0 "BIG STONE" 6 27011 1.47264 0.387056708424809
5 "MN" 1.6094379124341 0 "BIG STONE" 6 27011 1.47264 0.387056708424809
2.6 "MN" 0.955511445027436 0 "BIG STONE" 6 27011 1.47264 0.387056708424809
5 "MN" 1.6094379124341 0 "BLUE EARTH" 7 27013 1.31208 0.271613664272716
13 "MN" 2.56494935746154 0 "BLUE EARTH" 7 27013 1.31208 0.271613664272716
7.2 "MN" 1.97408102602201 0 "BLUE EARTH" 7 27013 1.31208 0.271613664272716
6.8 "MN" 1.91692261218206 0 "BLUE EARTH" 7 27013 1.31208 0.271613664272716
12.8 "MN" 2.54944517092557 0 "BLUE EARTH" 7 27013 1.31208 0.271613664272716
5.8 "MN" 1.75785791755237 1 "BLUE EARTH" 7 27013 1.31208 0.271613664272716
9.5 "MN" 2.2512917986065 0 "BLUE EARTH" 7 27013 1.31208 0.271613664272716
6 "MN" 1.79175946922805 0 "BLUE EARTH" 7 27013 1.31208 0.271613664272716
3.8 "MN" 1.33500106673234 0 "BLUE EARTH" 7 27013 1.31208 0.271613664272716
14.3 "MN" 2.66025953726586 1 "BLUE EARTH" 7 27013 1.31208 0.271613664272716
1.8 "MN" 0.587786664902119 0 "BLUE EARTH" 7 27013 1.31208 0.271613664272716
6.9 "MN" 1.93152141160321 0 "BLUE EARTH" 7 27013 1.31208 0.271613664272716
4.7 "MN" 1.54756250871601 0 "BLUE EARTH" 7 27013 1.31208 0.271613664272716
9.5 "MN" 2.2512917986065 0 "BLUE EARTH" 7 27013 1.31208 0.271613664272716
2.5 "MN" 0.916290731874155 1 "BROWN" 8 27015 1.31993 0.277578704889093
6.7 "MN" 1.90210752639692 0 "BROWN" 8 27015 1.31993 0.277578704889093
4 "MN" 1.38629436111989 1 "BROWN" 8 27015 1.31993 0.277578704889093
10.1 "MN" 2.31253542384721 0 "BROWN" 8 27015 1.31993 0.277578704889093
2.2 "MN" 0.78845736036427 0 "CARLTON" 9 27017 0.717261 -0.332315487884133
1.8 "MN" 0.587786664902119 0 "CARLTON" 9 27017 0.717261 -0.332315487884133
3.4 "MN" 1.22377543162212 0 "CARLTON" 9 27017 0.717261 -0.332315487884133
5.6 "MN" 1.7227665977411 1 "CARLTON" 9 27017 0.717261 -0.332315487884133
4.3 "MN" 1.45861502269952 0 "CARLTON" 9 27017 0.717261 -0.332315487884133
3.9 "MN" 1.3609765531356 0 "CARLTON" 9 27017 0.717261 -0.332315487884133
1.3 "MN" 0.262364264467491 0 "CARLTON" 9 27017 0.717261 -0.332315487884133
4.2 "MN" 1.43508452528932 0 "CARLTON" 9 27017 0.717261 -0.332315487884133
0.8 "MN" -0.22314355131421 0 "CARLTON" 9 27017 0.717261 -0.332315487884133
2 "MN" 0.693147180559945 0 "CARLTON" 9 27017 0.717261 -0.332315487884133
1.6 "MN" 0.470003629245736 0 "CARVER" 10 27019 1.10061 0.0958645715553609
12.9 "MN" 2.55722731136763 0 "CARVER" 10 27019 1.10061 0.0958645715553609
14.7 "MN" 2.68784749378469 1 "CARVER" 10 27019 1.10061 0.0958645715553609
4.7 "MN" 1.54756250871601 1 "CARVER" 10 27019 1.10061 0.0958645715553609
9.6 "MN" 2.26176309847379 0 "CARVER" 10 27019 1.10061 0.0958645715553609
0 "MN" -2.30258509299405 1 "CARVER" 10 27019 1.10061 0.0958645715553609
3.7 "MN" 1.30833281965018 0 "CASS" 11 27021 0.544319 -0.608219806930943
7.4 "MN" 2.00148000021012 0 "CASS" 11 27021 0.544319 -0.608219806930943
1.9 "MN" 0.641853886172395 0 "CASS" 11 27021 0.544319 -0.608219806930943
5.3 "MN" 1.66770682055808 0 "CASS" 11 27021 0.544319 -0.608219806930943
4 "MN" 1.38629436111989 0 "CASS" 11 27021 0.544319 -0.608219806930943
7.7 "MN" 2.04122032885964 0 "CHIPPEWA" 12 27023 1.3148 0.273684562807927
1.4 "MN" 0.336472236621213 0 "CHIPPEWA" 12 27023 1.3148 0.273684562807927
10 "MN" 2.30258509299405 0 "CHIPPEWA" 12 27023 1.3148 0.273684562807927
9.4 "MN" 2.24070968927596 0 "CHIPPEWA" 12 27023 1.3148 0.273684562807927
0.8 "MN" -0.22314355131421 0 "CHISAGO" 13 27025 0.479352 -0.735320087151157
4.4 "MN" 1.48160454092422 0 "CHISAGO" 13 27025 0.479352 -0.735320087151157
5 "MN" 1.6094379124341 0 "CHISAGO" 13 27025 0.479352 -0.735320087151157
2.1 "MN" 0.741937344729377 0 "CHISAGO" 13 27025 0.479352 -0.735320087151157
1.7 "MN" 0.53062825106217 0 "CHISAGO" 13 27025 0.479352 -0.735320087151157
8.1 "MN" 2.09186406167839 0 "CHISAGO" 13 27025 0.479352 -0.735320087151157
0.9 "MN" -0.105360515657826 1 "CLAY" 14 27027 1.41027 0.343781175420031
12.9 "MN" 2.55722731136763 0 "CLAY" 14 27027 1.41027 0.343781175420031
2.6 "MN" 0.955511445027436 0 "CLAY" 14 27027 1.41027 0.343781175420031
3.5 "MN" 1.25276296849537 1 "CLAY" 14 27027 1.41027 0.343781175420031
26.6 "MN" 3.28091121578765 0 "CLAY" 14 27027 1.41027 0.343781175420031
1.5 "MN" 0.405465108108164 0 "CLAY" 14 27027 1.41027 0.343781175420031
13 "MN" 2.56494935746154 0 "CLAY" 14 27027 1.41027 0.343781175420031
8.8 "MN" 2.17475172148416 0 "CLAY" 14 27027 1.41027 0.343781175420031
19.5 "MN" 2.9704144655697 0 "CLAY" 14 27027 1.41027 0.343781175420031
2.5 "MN" 0.916290731874155 1 "CLAY" 14 27027 1.41027 0.343781175420031
9 "MN" 2.19722457733622 0 "CLAY" 14 27027 1.41027 0.343781175420031
13.1 "MN" 2.57261223020711 0 "CLAY" 14 27027 1.41027 0.343781175420031
3.6 "MN" 1.28093384546206 0 "CLAY" 14 27027 1.41027 0.343781175420031
6.9 "MN" 1.93152141160321 1 "CLAY" 14 27027 1.41027 0.343781175420031
4.8 "MN" 1.56861591791385 1 "CLEARWATER" 15 27029 0.941896 -0.0598604138977053
3.4 "MN" 1.22377543162212 0 "CLEARWATER" 15 27029 0.941896 -0.0598604138977053
0.9 "MN" -0.105360515657826 1 "CLEARWATER" 15 27029 0.941896 -0.0598604138977053
3.4 "MN" 1.22377543162212 0 "CLEARWATER" 15 27029 0.941896 -0.0598604138977053
2.7 "MN" 0.993251773010283 0 "COOK" 16 27031 0.603508 -0.504995982525783
1.4 "MN" 0.336472236621213 0 "COOK" 16 27031 0.603508 -0.504995982525783
6.8 "MN" 1.91692261218206 0 "COTTONWOOD" 17 27033 1.40433 0.339560320720446
11.1 "MN" 2.40694510831829 1 "COTTONWOOD" 17 27033 1.40433 0.339560320720446
0 "MN" -2.30258509299405 1 "COTTONWOOD" 17 27033 1.40433 0.339560320720446
2.5 "MN" 0.916290731874155 1 "COTTONWOOD" 17 27033 1.40433 0.339560320720446
1.8 "MN" 0.587786664902119 0 "CROW WING" 18 27035 0.530789 -0.633390700175141
1.6 "MN" 0.470003629245736 0 "CROW WING" 18 27035 0.530789 -0.633390700175141
1 "MN" 0 1 "CROW WING" 18 27035 0.530789 -0.633390700175141
0.9 "MN" -0.105360515657826 0 "CROW WING" 18 27035 0.530789 -0.633390700175141
2.9 "MN" 1.06471073699243 0 "CROW WING" 18 27035 0.530789 -0.633390700175141
4.4 "MN" 1.48160454092422 0 "CROW WING" 18 27035 0.530789 -0.633390700175141
1.5 "MN" 0.405465108108164 0 "CROW WING" 18 27035 0.530789 -0.633390700175141
4.1 "MN" 1.41098697371026 0 "CROW WING" 18 27035 0.530789 -0.633390700175141
2.5 "MN" 0.916290731874155 1 "CROW WING" 18 27035 0.530789 -0.633390700175141
6.7 "MN" 1.90210752639692 1 "CROW WING" 18 27035 0.530789 -0.633390700175141
4.3 "MN" 1.45861502269952 0 "CROW WING" 18 27035 0.530789 -0.633390700175141
5.5 "MN" 1.70474809223843 0 "CROW WING" 18 27035 0.530789 -0.633390700175141
3.6 "MN" 1.28093384546206 0 "DAKOTA" 19 27037 0.976144 -0.0241451624685385
2.8 "MN" 1.02961941718116 0 "DAKOTA" 19 27037 0.976144 -0.0241451624685385
14.6 "MN" 2.68102152871429 0 "DAKOTA" 19 27037 0.976144 -0.0241451624685385
6.7 "MN" 1.90210752639692 0 "DAKOTA" 19 27037 0.976144 -0.0241451624685385
8 "MN" 2.07944154167984 0 "DAKOTA" 19 27037 0.976144 -0.0241451624685385
2.6 "MN" 0.955511445027436 0 "DAKOTA" 19 27037 0.976144 -0.0241451624685385
2.8 "MN" 1.02961941718116 1 "DAKOTA" 19 27037 0.976144 -0.0241451624685385
4.4 "MN" 1.48160454092422 0 "DAKOTA" 19 27037 0.976144 -0.0241451624685385
1.7 "MN" 0.53062825106217 1 "DAKOTA" 19 27037 0.976144 -0.0241451624685385
2 "MN" 0.693147180559945 0 "DAKOTA" 19 27037 0.976144 -0.0241451624685385
2 "MN" 0.693147180559945 0 "DAKOTA" 19 27037 0.976144 -0.0241451624685385
1.5 "MN" 0.405465108108164 0 "DAKOTA" 19 27037 0.976144 -0.0241451624685385
9.6 "MN" 2.26176309847379 0 "DAKOTA" 19 27037 0.976144 -0.0241451624685385
8.1 "MN" 2.09186406167839 0 "DAKOTA" 19 27037 0.976144 -0.0241451624685385
3.5 "MN" 1.25276296849537 0 "DAKOTA" 19 27037 0.976144 -0.0241451624685385
0.8 "MN" -0.22314355131421 1 "DAKOTA" 19 27037 0.976144 -0.0241451624685385
5.1 "MN" 1.62924053973028 0 "DAKOTA" 19 27037 0.976144 -0.0241451624685385
3.2 "MN" 1.16315080980568 0 "DAKOTA" 19 27037 0.976144 -0.0241451624685385
10.8 "MN" 2.37954613413017 0 "DAKOTA" 19 27037 0.976144 -0.0241451624685385
8.2 "MN" 2.10413415427021 0 "DAKOTA" 19 27037 0.976144 -0.0241451624685385
6.3 "MN" 1.84054963339749 0 "DAKOTA" 19 27037 0.976144 -0.0241451624685385
4.8 "MN" 1.56861591791385 0 "DAKOTA" 19 27037 0.976144 -0.0241451624685385
6 "MN" 1.79175946922805 0 "DAKOTA" 19 27037 0.976144 -0.0241451624685385
1.1 "MN" 0.0953101798043249 0 "DAKOTA" 19 27037 0.976144 -0.0241451624685385
8.7 "MN" 2.16332302566054 0 "DAKOTA" 19 27037 0.976144 -0.0241451624685385
8.8 "MN" 2.17475172148416 0 "DAKOTA" 19 27037 0.976144 -0.0241451624685385
6.8 "MN" 1.91692261218206 0 "DAKOTA" 19 27037 0.976144 -0.0241451624685385
2.3 "MN" 0.832909122935104 0 "DAKOTA" 19 27037 0.976144 -0.0241451624685385
1.6 "MN" 0.470003629245736 0 "DAKOTA" 19 27037 0.976144 -0.0241451624685385
2.8 "MN" 1.02961941718116 0 "DAKOTA" 19 27037 0.976144 -0.0241451624685385
6.5 "MN" 1.87180217690159 0 "DAKOTA" 19 27037 0.976144 -0.0241451624685385
1.7 "MN" 0.53062825106217 0 "DAKOTA" 19 27037 0.976144 -0.0241451624685385
4.6 "MN" 1.52605630349505 0 "DAKOTA" 19 27037 0.976144 -0.0241451624685385
3.3 "MN" 1.19392246847243 0 "DAKOTA" 19 27037 0.976144 -0.0241451624685385
4.4 "MN" 1.48160454092422 0 "DAKOTA" 19 27037 0.976144 -0.0241451624685385
21.2 "MN" 3.05400118167797 0 "DAKOTA" 19 27037 0.976144 -0.0241451624685385
9.1 "MN" 2.2082744135228 0 "DAKOTA" 19 27037 0.976144 -0.0241451624685385
0.9 "MN" -0.105360515657826 0 "DAKOTA" 19 27037 0.976144 -0.0241451624685385
4.9 "MN" 1.58923520511658 0 "DAKOTA" 19 27037 0.976144 -0.0241451624685385
5 "MN" 1.6094379124341 0 "DAKOTA" 19 27037 0.976144 -0.0241451624685385
1.1 "MN" 0.0953101798043249 0 "DAKOTA" 19 27037 0.976144 -0.0241451624685385
7.6 "MN" 2.02814824729229 0 "DAKOTA" 19 27037 0.976144 -0.0241451624685385
5.4 "MN" 1.68639895357023 0 "DAKOTA" 19 27037 0.976144 -0.0241451624685385
3.6 "MN" 1.28093384546206 0 "DAKOTA" 19 27037 0.976144 -0.0241451624685385
4.9 "MN" 1.58923520511658 0 "DAKOTA" 19 27037 0.976144 -0.0241451624685385
4.7 "MN" 1.54756250871601 0 "DAKOTA" 19 27037 0.976144 -0.0241451624685385
1.4 "MN" 0.336472236621213 0 "DAKOTA" 19 27037 0.976144 -0.0241451624685385
3.4 "MN" 1.22377543162212 0 "DAKOTA" 19 27037 0.976144 -0.0241451624685385
4.2 "MN" 1.43508452528932 0 "DAKOTA" 19 27037 0.976144 -0.0241451624685385
2.5 "MN" 0.916290731874155 0 "DAKOTA" 19 27037 0.976144 -0.0241451624685385
1.4 "MN" 0.336472236621213 0 "DAKOTA" 19 27037 0.976144 -0.0241451624685385
1.4 "MN" 0.336472236621213 0 "DAKOTA" 19 27037 0.976144 -0.0241451624685385
1.9 "MN" 0.641853886172395 0 "DAKOTA" 19 27037 0.976144 -0.0241451624685385
4.8 "MN" 1.56861591791385 0 "DAKOTA" 19 27037 0.976144 -0.0241451624685385
1.4 "MN" 0.336472236621213 1 "DAKOTA" 19 27037 0.976144 -0.0241451624685385
3.8 "MN" 1.33500106673234 0 "DAKOTA" 19 27037 0.976144 -0.0241451624685385
8.8 "MN" 2.17475172148416 0 "DAKOTA" 19 27037 0.976144 -0.0241451624685385
4.3 "MN" 1.45861502269952 0 "DAKOTA" 19 27037 0.976144 -0.0241451624685385
4.4 "MN" 1.48160454092422 0 "DAKOTA" 19 27037 0.976144 -0.0241451624685385
4.5 "MN" 1.50407739677627 0 "DAKOTA" 19 27037 0.976144 -0.0241451624685385
2.2 "MN" 0.78845736036427 0 "DAKOTA" 19 27037 0.976144 -0.0241451624685385
0.5 "MN" -0.693147180559945 0 "DAKOTA" 19 27037 0.976144 -0.0241451624685385
5.8 "MN" 1.75785791755237 0 "DAKOTA" 19 27037 0.976144 -0.0241451624685385
5.4 "MN" 1.68639895357023 0 "DODGE" 20 27039 1.30194 0.263855459775217
7.2 "MN" 1.97408102602201 0 "DODGE" 20 27039 1.30194 0.263855459775217
5.7 "MN" 1.7404661748405 0 "DODGE" 20 27039 1.30194 0.263855459775217
7.4 "MN" 2.00148000021012 0 "DOUGLAS" 21 27041 1.16849 0.155712316979839
4.8 "MN" 1.56861591791385 0 "DOUGLAS" 21 27041 1.16849 0.155712316979839
6.8 "MN" 1.91692261218206 0 "DOUGLAS" 21 27041 1.16849 0.155712316979839
6.4 "MN" 1.85629799036563 0 "DOUGLAS" 21 27041 1.16849 0.155712316979839
3.7 "MN" 1.30833281965018 1 "DOUGLAS" 21 27041 1.16849 0.155712316979839
5.5 "MN" 1.70474809223843 0 "DOUGLAS" 21 27041 1.16849 0.155712316979839
7.8 "MN" 2.05412373369555 0 "DOUGLAS" 21 27041 1.16849 0.155712316979839
4.4 "MN" 1.48160454092422 0 "DOUGLAS" 21 27041 1.16849 0.155712316979839
2.7 "MN" 0.993251773010283 0 "DOUGLAS" 21 27041 1.16849 0.155712316979839
3.4 "MN" 1.22377543162212 0 "FARIBAULT" 22 27043 1.34316 0.295025046707039
4.2 "MN" 1.43508452528932 0 "FARIBAULT" 22 27043 1.34316 0.295025046707039
2.3 "MN" 0.832909122935104 0 "FARIBAULT" 22 27043 1.34316 0.295025046707039
1.3 "MN" 0.262364264467491 1 "FARIBAULT" 22 27043 1.34316 0.295025046707039
5.2 "MN" 1.64865862558738 0 "FARIBAULT" 22 27043 1.34316 0.295025046707039
0.1 "MN" -2.30258509299405 0 "FARIBAULT" 22 27043 1.34316 0.295025046707039
2.5 "MN" 0.916290731874155 1 "FILLMORE" 23 27045 1.51424 0.414913662927776
3.2 "MN" 1.16315080980568 0 "FILLMORE" 23 27045 1.51424 0.414913662927776
3.2 "MN" 1.16315080980568 0 "FREEBORN" 24 27047 1.25133 0.224206985667406
9.6 "MN" 2.26176309847379 0 "FREEBORN" 24 27047 1.25133 0.224206985667406
4.2 "MN" 1.43508452528932 0 "FREEBORN" 24 27047 1.25133 0.224206985667406
9 "MN" 2.19722457733622 0 "FREEBORN" 24 27047 1.25133 0.224206985667406
6.3 "MN" 1.84054963339749 0 "FREEBORN" 24 27047 1.25133 0.224206985667406
32.6 "MN" 3.48431228837266 0 "FREEBORN" 24 27047 1.25133 0.224206985667406
13.2 "MN" 2.58021682959233 0 "FREEBORN" 24 27047 1.25133 0.224206985667406
2.2 "MN" 0.78845736036427 1 "FREEBORN" 24 27047 1.25133 0.224206985667406
5.6 "MN" 1.7227665977411 1 "FREEBORN" 24 27047 1.25133 0.224206985667406
14.3 "MN" 2.66025953726586 0 "GOODHUE" 25 27049 1.21727 0.196610646424232
6.9 "MN" 1.93152141160321 1 "GOODHUE" 25 27049 1.21727 0.196610646424232
7.6 "MN" 2.02814824729229 0 "GOODHUE" 25 27049 1.21727 0.196610646424232
9.8 "MN" 2.28238238567653 1 "GOODHUE" 25 27049 1.21727 0.196610646424232
2.6 "MN" 0.955511445027436 0 "GOODHUE" 25 27049 1.21727 0.196610646424232
43.5 "MN" 3.77276093809464 0 "GOODHUE" 25 27049 1.21727 0.196610646424232
4.9 "MN" 1.58923520511658 0 "GOODHUE" 25 27049 1.21727 0.196610646424232
4.9 "MN" 1.58923520511658 0 "GOODHUE" 25 27049 1.21727 0.196610646424232
3.5 "MN" 1.25276296849537 0 "GOODHUE" 25 27049 1.21727 0.196610646424232
4.8 "MN" 1.56861591791385 0 "GOODHUE" 25 27049 1.21727 0.196610646424232
5.6 "MN" 1.7227665977411 0 "GOODHUE" 25 27049 1.21727 0.196610646424232
3.5 "MN" 1.25276296849537 0 "GOODHUE" 25 27049 1.21727 0.196610646424232
3.9 "MN" 1.3609765531356 0 "GOODHUE" 25 27049 1.21727 0.196610646424232
6.7 "MN" 1.90210752639692 0 "GOODHUE" 25 27049 1.21727 0.196610646424232
7.9 "MN" 2.06686275947298 0 "HENNEPIN" 26 27053 0.907991 -0.09652081232424
3.3 "MN" 1.19392246847243 0 "HENNEPIN" 26 27053 0.907991 -0.09652081232424
2.1 "MN" 0.741937344729377 1 "HENNEPIN" 26 27053 0.907991 -0.09652081232424
1.6 "MN" 0.470003629245736 0 "HENNEPIN" 26 27053 0.907991 -0.09652081232424
4 "MN" 1.38629436111989 0 "HENNEPIN" 26 27053 0.907991 -0.09652081232424
1.8 "MN" 0.587786664902119 0 "HENNEPIN" 26 27053 0.907991 -0.09652081232424
2.5 "MN" 0.916290731874155 0 "HENNEPIN" 26 27053 0.907991 -0.09652081232424
11.2 "MN" 2.41591377830105 0 "HENNEPIN" 26 27053 0.907991 -0.09652081232424
2.6 "MN" 0.955511445027436 0 "HENNEPIN" 26 27053 0.907991 -0.09652081232424
3.9 "MN" 1.3609765531356 0 "HENNEPIN" 26 27053 0.907991 -0.09652081232424
7.4 "MN" 2.00148000021012 0 "HENNEPIN" 26 27053 0.907991 -0.09652081232424
1.3 "MN" 0.262364264467491 0 "HENNEPIN" 26 27053 0.907991 -0.09652081232424
0.9 "MN" -0.105360515657826 0 "HENNEPIN" 26 27053 0.907991 -0.09652081232424
0.4 "MN" -0.916290731874155 0 "HENNEPIN" 26 27053 0.907991 -0.09652081232424
2.5 "MN" 0.916290731874155 1 "HENNEPIN" 26 27053 0.907991 -0.09652081232424
6 "MN" 1.79175946922805 0 "HENNEPIN" 26 27053 0.907991 -0.09652081232424
2 "MN" 0.693147180559945 0 "HENNEPIN" 26 27053 0.907991 -0.09652081232424
5.4 "MN" 1.68639895357023 0 "HENNEPIN" 26 27053 0.907991 -0.09652081232424
3 "MN" 1.09861228866811 0 "HENNEPIN" 26 27053 0.907991 -0.09652081232424
2.9 "MN" 1.06471073699243 0 "HENNEPIN" 26 27053 0.907991 -0.09652081232424
5.5 "MN" 1.70474809223843 0 "HENNEPIN" 26 27053 0.907991 -0.09652081232424
4.1 "MN" 1.41098697371026 0 "HENNEPIN" 26 27053 0.907991 -0.09652081232424
3.9 "MN" 1.3609765531356 0 "HENNEPIN" 26 27053 0.907991 -0.09652081232424
14.9 "MN" 2.70136121295141 0 "HENNEPIN" 26 27053 0.907991 -0.09652081232424
7.2 "MN" 1.97408102602201 0 "HENNEPIN" 26 27053 0.907991 -0.09652081232424
2.3 "MN" 0.832909122935104 0 "HENNEPIN" 26 27053 0.907991 -0.09652081232424
2.8 "MN" 1.02961941718116 1 "HENNEPIN" 26 27053 0.907991 -0.09652081232424
4.4 "MN" 1.48160454092422 0 "HENNEPIN" 26 27053 0.907991 -0.09652081232424
1.5 "MN" 0.405465108108164 0 "HENNEPIN" 26 27053 0.907991 -0.09652081232424
8.6 "MN" 2.15176220325946 0 "HENNEPIN" 26 27053 0.907991 -0.09652081232424
5.6 "MN" 1.7227665977411 0 "HENNEPIN" 26 27053 0.907991 -0.09652081232424
8.6 "MN" 2.15176220325946 0 "HENNEPIN" 26 27053 0.907991 -0.09652081232424
3.8 "MN" 1.33500106673234 0 "HENNEPIN" 26 27053 0.907991 -0.09652081232424
1.8 "MN" 0.587786664902119 0 "HENNEPIN" 26 27053 0.907991 -0.09652081232424
1.9 "MN" 0.641853886172395 0 "HENNEPIN" 26 27053 0.907991 -0.09652081232424
5.5 "MN" 1.70474809223843 0 "HENNEPIN" 26 27053 0.907991 -0.09652081232424
2.5 "MN" 0.916290731874155 0 "HENNEPIN" 26 27053 0.907991 -0.09652081232424
0.8 "MN" -0.22314355131421 1 "HENNEPIN" 26 27053 0.907991 -0.09652081232424
2.1 "MN" 0.741937344729377 0 "HENNEPIN" 26 27053 0.907991 -0.09652081232424
2.8 "MN" 1.02961941718116 0 "HENNEPIN" 26 27053 0.907991 -0.09652081232424
3.9 "MN" 1.3609765531356 0 "HENNEPIN" 26 27053 0.907991 -0.09652081232424
4.3 "MN" 1.45861502269952 0 "HENNEPIN" 26 27053 0.907991 -0.09652081232424
4.7 "MN" 1.54756250871601 0 "HENNEPIN" 26 27053 0.907991 -0.09652081232424
2.8 "MN" 1.02961941718116 0 "HENNEPIN" 26 27053 0.907991 -0.09652081232424
4.1 "MN" 1.41098697371026 0 "HENNEPIN" 26 27053 0.907991 -0.09652081232424
1.6 "MN" 0.470003629245736 0 "HENNEPIN" 26 27053 0.907991 -0.09652081232424
4.3 "MN" 1.45861502269952 0 "HENNEPIN" 26 27053 0.907991 -0.09652081232424
0.7 "MN" -0.356674943938732 1 "HENNEPIN" 26 27053 0.907991 -0.09652081232424
5.5 "MN" 1.70474809223843 0 "HENNEPIN" 26 27053 0.907991 -0.09652081232424
3.3 "MN" 1.19392246847243 1 "HENNEPIN" 26 27053 0.907991 -0.09652081232424
5.5 "MN" 1.70474809223843 0 "HENNEPIN" 26 27053 0.907991 -0.09652081232424
2.5 "MN" 0.916290731874155 0 "HENNEPIN" 26 27053 0.907991 -0.09652081232424
2.7 "MN" 0.993251773010283 0 "HENNEPIN" 26 27053 0.907991 -0.09652081232424
8.4 "MN" 2.12823170584927 0 "HENNEPIN" 26 27053 0.907991 -0.09652081232424
3.3 "MN" 1.19392246847243 0 "HENNEPIN" 26 27053 0.907991 -0.09652081232424
3.2 "MN" 1.16315080980568 0 "HENNEPIN" 26 27053 0.907991 -0.09652081232424
8.6 "MN" 2.15176220325946 0 "HENNEPIN" 26 27053 0.907991 -0.09652081232424
1.7 "MN" 0.53062825106217 0 "HENNEPIN" 26 27053 0.907991 -0.09652081232424
5.7 "MN" 1.7404661748405 0 "HENNEPIN" 26 27053 0.907991 -0.09652081232424
13 "MN" 2.56494935746154 0 "HENNEPIN" 26 27053 0.907991 -0.09652081232424
2.7 "MN" 0.993251773010283 0 "HENNEPIN" 26 27053 0.907991 -0.09652081232424
4.7 "MN" 1.54756250871601 0 "HENNEPIN" 26 27053 0.907991 -0.09652081232424
5.6 "MN" 1.7227665977411 0 "HENNEPIN" 26 27053 0.907991 -0.09652081232424
13.8 "MN" 2.62466859216316 0 "HENNEPIN" 26 27053 0.907991 -0.09652081232424
7.6 "MN" 2.02814824729229 1 "HENNEPIN" 26 27053 0.907991 -0.09652081232424
5.7 "MN" 1.7404661748405 0 "HENNEPIN" 26 27053 0.907991 -0.09652081232424
4.6 "MN" 1.52605630349505 0 "HENNEPIN" 26 27053 0.907991 -0.09652081232424
7.6 "MN" 2.02814824729229 0 "HENNEPIN" 26 27053 0.907991 -0.09652081232424
2.6 "MN" 0.955511445027436 0 "HENNEPIN" 26 27053 0.907991 -0.09652081232424
4.5 "MN" 1.50407739677627 0 "HENNEPIN" 26 27053 0.907991 -0.09652081232424
5.9 "MN" 1.77495235091167 0 "HENNEPIN" 26 27053 0.907991 -0.09652081232424
2.2 "MN" 0.78845736036427 0 "HENNEPIN" 26 27053 0.907991 -0.09652081232424
2.4 "MN" 0.8754687373539 0 "HENNEPIN" 26 27053 0.907991 -0.09652081232424
4 "MN" 1.38629436111989 0 "HENNEPIN" 26 27053 0.907991 -0.09652081232424
4.6 "MN" 1.52605630349505 0 "HENNEPIN" 26 27053 0.907991 -0.09652081232424
4.6 "MN" 1.52605630349505 0 "HENNEPIN" 26 27053 0.907991 -0.09652081232424
10.9 "MN" 2.3887627892351 0 "HENNEPIN" 26 27053 0.907991 -0.09652081232424
7.6 "MN" 2.02814824729229 0 "HENNEPIN" 26 27053 0.907991 -0.09652081232424
3 "MN" 1.09861228866811 0 "HENNEPIN" 26 27053 0.907991 -0.09652081232424
1.5 "MN" 0.405465108108164 0 "HENNEPIN" 26 27053 0.907991 -0.09652081232424
1.6 "MN" 0.470003629245736 1 "HENNEPIN" 26 27053 0.907991 -0.09652081232424
16.5 "MN" 2.80336038090653 0 "HENNEPIN" 26 27053 0.907991 -0.09652081232424
3.1 "MN" 1.1314021114911 0 "HENNEPIN" 26 27053 0.907991 -0.09652081232424
5.1 "MN" 1.62924053973028 0 "HENNEPIN" 26 27053 0.907991 -0.09652081232424
4.9 "MN" 1.58923520511658 0 "HENNEPIN" 26 27053 0.907991 -0.09652081232424
6 "MN" 1.79175946922805 0 "HENNEPIN" 26 27053 0.907991 -0.09652081232424
0.9 "MN" -0.105360515657826 1 "HENNEPIN" 26 27053 0.907991 -0.09652081232424
1.8 "MN" 0.587786664902119 0 "HENNEPIN" 26 27053 0.907991 -0.09652081232424
3.9 "MN" 1.3609765531356 0 "HENNEPIN" 26 27053 0.907991 -0.09652081232424
5.6 "MN" 1.7227665977411 0 "HENNEPIN" 26 27053 0.907991 -0.09652081232424
0.4 "MN" -0.916290731874155 1 "HENNEPIN" 26 27053 0.907991 -0.09652081232424
2.6 "MN" 0.955511445027436 0 "HENNEPIN" 26 27053 0.907991 -0.09652081232424
3.6 "MN" 1.28093384546206 0 "HENNEPIN" 26 27053 0.907991 -0.09652081232424
6.2 "MN" 1.82454929205105 0 "HENNEPIN" 26 27053 0.907991 -0.09652081232424
23.6 "MN" 3.16124671203156 0 "HENNEPIN" 26 27053 0.907991 -0.09652081232424
3.9 "MN" 1.3609765531356 0 "HENNEPIN" 26 27053 0.907991 -0.09652081232424
2.9 "MN" 1.06471073699243 0 "HENNEPIN" 26 27053 0.907991 -0.09652081232424
3 "MN" 1.09861228866811 0 "HENNEPIN" 26 27053 0.907991 -0.09652081232424
4.7 "MN" 1.54756250871601 0 "HENNEPIN" 26 27053 0.907991 -0.09652081232424
3 "MN" 1.09861228866811 0 "HENNEPIN" 26 27053 0.907991 -0.09652081232424
4.2 "MN" 1.43508452528932 0 "HENNEPIN" 26 27053 0.907991 -0.09652081232424
3.8 "MN" 1.33500106673234 0 "HENNEPIN" 26 27053 0.907991 -0.09652081232424
3 "MN" 1.09861228866811 0 "HENNEPIN" 26 27053 0.907991 -0.09652081232424
4.3 "MN" 1.45861502269952 0 "HENNEPIN" 26 27053 0.907991 -0.09652081232424
2.9 "MN" 1.06471073699243 1 "HENNEPIN" 26 27053 0.907991 -0.09652081232424
3.4 "MN" 1.22377543162212 0 "HOUSTON" 27 27055 1.65455 0.503529068533353
8.5 "MN" 2.14006616349627 0 "HOUSTON" 27 27055 1.65455 0.503529068533353
9 "MN" 2.19722457733622 0 "HOUSTON" 27 27055 1.65455 0.503529068533353
4.8 "MN" 1.56861591791385 1 "HOUSTON" 27 27055 1.65455 0.503529068533353
3.6 "MN" 1.28093384546206 0 "HOUSTON" 27 27055 1.65455 0.503529068533353
2.2 "MN" 0.78845736036427 1 "HOUSTON" 27 27055 1.65455 0.503529068533353
2.8 "MN" 1.02961941718116 1 "HUBBARD" 28 27057 0.66992 -0.400596976711304
0.8 "MN" -0.22314355131421 1 "HUBBARD" 28 27057 0.66992 -0.400596976711304
1.5 "MN" 0.405465108108164 0 "HUBBARD" 28 27057 0.66992 -0.400596976711304
4.6 "MN" 1.52605630349505 0 "HUBBARD" 28 27057 0.66992 -0.400596976711304
3.7 "MN" 1.30833281965018 1 "HUBBARD" 28 27057 0.66992 -0.400596976711304
3.6 "MN" 1.28093384546206 0 "ISANTI" 29 27059 0.471483 -0.751872232701787
3 "MN" 1.09861228866811 0 "ISANTI" 29 27059 0.471483 -0.751872232701787
2.2 "MN" 0.78845736036427 0 "ISANTI" 29 27059 0.471483 -0.751872232701787
1.9 "MN" 0.641853886172395 0 "ITASCA" 30 27061 0.515124 -0.663347630601429
2.6 "MN" 0.955511445027436 0 "ITASCA" 30 27061 0.515124 -0.663347630601429
1.8 "MN" 0.587786664902119 0 "ITASCA" 30 27061 0.515124 -0.663347630601429
2.4 "MN" 0.8754687373539 0 "ITASCA" 30 27061 0.515124 -0.663347630601429
4.3 "MN" 1.45861502269952 0 "ITASCA" 30 27061 0.515124 -0.663347630601429
2.6 "MN" 0.955511445027436 0 "ITASCA" 30 27061 0.515124 -0.663347630601429
1.1 "MN" 0.0953101798043249 0 "ITASCA" 30 27061 0.515124 -0.663347630601429
3.3 "MN" 1.19392246847243 0 "ITASCA" 30 27061 0.515124 -0.663347630601429
2.5 "MN" 0.916290731874155 0 "ITASCA" 30 27061 0.515124 -0.663347630601429
9.4 "MN" 2.24070968927596 0 "ITASCA" 30 27061 0.515124 -0.663347630601429
1.3 "MN" 0.262364264467491 0 "ITASCA" 30 27061 0.515124 -0.663347630601429
8.4 "MN" 2.12823170584927 0 "JACKSON" 31 27063 1.36209 0.309020284839334
5 "MN" 1.6094379124341 0 "JACKSON" 31 27063 1.36209 0.309020284839334
2.9 "MN" 1.06471073699243 0 "JACKSON" 31 27063 1.36209 0.309020284839334
13.1 "MN" 2.57261223020711 0 "JACKSON" 31 27063 1.36209 0.309020284839334
15.3 "MN" 2.72785282839839 0 "JACKSON" 31 27063 1.36209 0.309020284839334
1.8 "MN" 0.587786664902119 0 "KANABEC" 32 27065 0.948014 -0.0533860089036706
3.8 "MN" 1.33500106673234 0 "KANABEC" 32 27065 0.948014 -0.0533860089036706
7.9 "MN" 2.06686275947298 0 "KANABEC" 32 27065 0.948014 -0.0533860089036706
2.6 "MN" 0.955511445027436 0 "KANABEC" 32 27065 0.948014 -0.0533860089036706
11.3 "MN" 2.42480272571829 0 "KANDIYOHI" 33 27067 1.11598 0.10973294265158
4.1 "MN" 1.41098697371026 0 "KANDIYOHI" 33 27067 1.11598 0.10973294265158
12.3 "MN" 2.50959926237837 0 "KANDIYOHI" 33 27067 1.11598 0.10973294265158
6.7 "MN" 1.90210752639692 0 "KANDIYOHI" 33 27067 1.11598 0.10973294265158
6.9 "MN" 1.93152141160321 0 "KITTSON" 34 27069 0.992227 -0.00780336722984165
4.5 "MN" 1.50407739677627 1 "KITTSON" 34 27069 0.992227 -0.00780336722984165
0.9 "MN" -0.105360515657826 1 "KITTSON" 34 27069 0.992227 -0.00780336722984165
1.7 "MN" 0.53062825106217 0 "KOOCHICHING" 35 27071 0.414025 -0.881828920506582
1.4 "MN" 0.336472236621213 0 "KOOCHICHING" 35 27071 0.414025 -0.881828920506582
2 "MN" 0.693147180559945 1 "KOOCHICHING" 35 27071 0.414025 -0.881828920506582
1 "MN" 0 1 "KOOCHICHING" 35 27071 0.414025 -0.881828920506582
1 "MN" 0 0 "KOOCHICHING" 35 27071 0.414025 -0.881828920506582
2.8 "MN" 1.02961941718116 1 "KOOCHICHING" 35 27071 0.414025 -0.881828920506582
1.3 "MN" 0.262364264467491 1 "KOOCHICHING" 35 27071 0.414025 -0.881828920506582
11.3 "MN" 2.42480272571829 1 "LAC QUI PARLE" 36 27073 1.36483 0.311029878756367
16 "MN" 2.77258872223978 0 "LAC QUI PARLE" 36 27073 1.36483 0.311029878756367
1.3 "MN" 0.262364264467491 1 "LAKE" 37 27075 0.500776 -0.691596383667291
1.3 "MN" 0.262364264467491 0 "LAKE" 37 27075 0.500776 -0.691596383667291
1.6 "MN" 0.470003629245736 0 "LAKE" 37 27075 0.500776 -0.691596383667291
0.9 "MN" -0.105360515657826 0 "LAKE" 37 27075 0.500776 -0.691596383667291
2.8 "MN" 1.02961941718116 0 "LAKE" 37 27075 0.500776 -0.691596383667291
0.5 "MN" -0.693147180559945 0 "LAKE" 37 27075 0.500776 -0.691596383667291
1.5 "MN" 0.405465108108164 0 "LAKE" 37 27075 0.500776 -0.691596383667291
7.1 "MN" 1.96009478404727 0 "LAKE" 37 27075 0.500776 -0.691596383667291
0.5 "MN" -0.693147180559945 0 "LAKE" 37 27075 0.500776 -0.691596383667291
10.1 "MN" 2.31253542384721 0 "LAKE OF THE WOODS" 38 27077 0.505752 -0.681708848419116
4.3 "MN" 1.45861502269952 1 "LAKE OF THE WOODS" 38 27077 0.505752 -0.681708848419116
3.3 "MN" 1.19392246847243 0 "LAKE OF THE WOODS" 38 27077 0.505752 -0.681708848419116
2.9 "MN" 1.06471073699243 1 "LAKE OF THE WOODS" 38 27077 0.505752 -0.681708848419116
12.5 "MN" 2.52572864430826 0 "LE SUEUR" 39 27079 1.21464 0.194447736591795
4.2 "MN" 1.43508452528932 1 "LE SUEUR" 39 27079 1.21464 0.194447736591795
4.5 "MN" 1.50407739677627 0 "LE SUEUR" 39 27079 1.21464 0.194447736591795
3.9 "MN" 1.3609765531356 0 "LE SUEUR" 39 27079 1.21464 0.194447736591795
3.3 "MN" 1.19392246847243 0 "LE SUEUR" 39 27079 1.21464 0.194447736591795
17.5 "MN" 2.86220088092947 0 "LINCOLN" 40 27081 1.56034 0.444903746232023
10.6 "MN" 2.36085400111802 0 "LINCOLN" 40 27081 1.56034 0.444903746232023
7.9 "MN" 2.06686275947298 0 "LINCOLN" 40 27081 1.56034 0.444903746232023
3.5 "MN" 1.25276296849537 1 "LINCOLN" 40 27081 1.56034 0.444903746232023
6.5 "MN" 1.87180217690159 0 "LYON" 41 27083 1.48399 0.39473440617801
6.9 "MN" 1.93152141160321 1 "LYON" 41 27083 1.48399 0.39473440617801
5.1 "MN" 1.62924053973028 0 "LYON" 41 27083 1.48399 0.39473440617801
12 "MN" 2.484906649788 0 "LYON" 41 27083 1.48399 0.39473440617801
5.1 "MN" 1.62924053973028 0 "LYON" 41 27083 1.48399 0.39473440617801
8.9 "MN" 2.18605127673809 0 "LYON" 41 27083 1.48399 0.39473440617801
5.8 "MN" 1.75785791755237 0 "LYON" 41 27083 1.48399 0.39473440617801
4.6 "MN" 1.52605630349505 0 "LYON" 41 27083 1.48399 0.39473440617801
3.9 "MN" 1.3609765531356 0 "MAHNOMEN" 42 27087 1.16137 0.14960034272844
1.5 "MN" 0.405465108108164 1 "MARSHALL" 43 27089 1.01386 0.0137648285757133
23.8 "MN" 3.16968558067743 0 "MARSHALL" 43 27089 1.01386 0.0137648285757133
0.9 "MN" -0.105360515657826 1 "MARSHALL" 43 27089 1.01386 0.0137648285757133
1.4 "MN" 0.336472236621213 1 "MARSHALL" 43 27089 1.01386 0.0137648285757133
1.1 "MN" 0.0953101798043249 1 "MARSHALL" 43 27089 1.01386 0.0137648285757133
2.8 "MN" 1.02961941718116 0 "MARSHALL" 43 27089 1.01386 0.0137648285757133
48.2 "MN" 3.87535902105655 0 "MARSHALL" 43 27089 1.01386 0.0137648285757133
0.9 "MN" -0.105360515657826 1 "MARSHALL" 43 27089 1.01386 0.0137648285757133
8.3 "MN" 2.11625551480255 0 "MARSHALL" 43 27089 1.01386 0.0137648285757133
4.1 "MN" 1.41098697371026 0 "MARTIN" 44 27091 1.18041 0.16586183575527
0.5 "MN" -0.693147180559945 1 "MARTIN" 44 27091 1.18041 0.16586183575527
6.7 "MN" 1.90210752639692 0 "MARTIN" 44 27091 1.18041 0.16586183575527
7.5 "MN" 2.01490302054226 0 "MARTIN" 44 27091 1.18041 0.16586183575527
9.2 "MN" 2.21920348405499 0 "MARTIN" 44 27091 1.18041 0.16586183575527
0.5 "MN" -0.693147180559945 0 "MARTIN" 44 27091 1.18041 0.16586183575527
1.5 "MN" 0.405465108108164 0 "MARTIN" 44 27091 1.18041 0.16586183575527
10.3 "MN" 2.33214389523559 0 "MCLEOD" 45 27085 1.15076 0.140422593662249
3.9 "MN" 1.3609765531356 0 "MCLEOD" 45 27085 1.15076 0.140422593662249
1.8 "MN" 0.587786664902119 0 "MCLEOD" 45 27085 1.15076 0.140422593662249
9.9 "MN" 2.29253475714054 0 "MCLEOD" 45 27085 1.15076 0.140422593662249
2.3 "MN" 0.832909122935104 0 "MCLEOD" 45 27085 1.15076 0.140422593662249
4.4 "MN" 1.48160454092422 0 "MCLEOD" 45 27085 1.15076 0.140422593662249
2.8 "MN" 1.02961941718116 0 "MCLEOD" 45 27085 1.15076 0.140422593662249
1.1 "MN" 0.0953101798043249 1 "MCLEOD" 45 27085 1.15076 0.140422593662249
1.2 "MN" 0.182321556793955 0 "MCLEOD" 45 27085 1.15076 0.140422593662249
1.6 "MN" 0.470003629245736 1 "MCLEOD" 45 27085 1.15076 0.140422593662249
25.4 "MN" 3.23474917402449 1 "MCLEOD" 45 27085 1.15076 0.140422593662249
0 "MN" -2.30258509299405 1 "MCLEOD" 45 27085 1.15076 0.140422593662249
10.6 "MN" 2.36085400111802 0 "MCLEOD" 45 27085 1.15076 0.140422593662249
2.3 "MN" 0.832909122935104 0 "MEEKER" 46 27093 1.02424 0.0239508741557865
3.9 "MN" 1.3609765531356 0 "MEEKER" 46 27093 1.02424 0.0239508741557865
7.2 "MN" 1.97408102602201 0 "MEEKER" 46 27093 1.02424 0.0239508741557865
2.1 "MN" 0.741937344729377 0 "MEEKER" 46 27093 1.02424 0.0239508741557865
3.2 "MN" 1.16315080980568 0 "MEEKER" 46 27093 1.02424 0.0239508741557865
0.5 "MN" -0.693147180559945 1 "MILLE LACS" 47 27095 0.810536 -0.210059521766286
5.7 "MN" 1.7404661748405 0 "MILLE LACS" 47 27095 0.810536 -0.210059521766286
1.4 "MN" 0.336472236621213 0 "MORRISON" 48 27097 0.910987 -0.0932266518569275
2.1 "MN" 0.741937344729377 0 "MORRISON" 48 27097 0.910987 -0.0932266518569275
4.4 "MN" 1.48160454092422 0 "MORRISON" 48 27097 0.910987 -0.0932266518569275
2.4 "MN" 0.8754687373539 0 "MORRISON" 48 27097 0.910987 -0.0932266518569275
4.9 "MN" 1.58923520511658 0 "MORRISON" 48 27097 0.910987 -0.0932266518569275
3 "MN" 1.09861228866811 1 "MORRISON" 48 27097 0.910987 -0.0932266518569275
3 "MN" 1.09861228866811 0 "MORRISON" 48 27097 0.910987 -0.0932266518569275
2.8 "MN" 1.02961941718116 0 "MORRISON" 48 27097 0.910987 -0.0932266518569275
3.9 "MN" 1.3609765531356 0 "MORRISON" 48 27097 0.910987 -0.0932266518569275
10.9 "MN" 2.3887627892351 0 "MOWER" 49 27099 1.29814 0.260932470709068
6.4 "MN" 1.85629799036563 0 "MOWER" 49 27099 1.29814 0.260932470709068
2 "MN" 0.693147180559945 0 "MOWER" 49 27099 1.29814 0.260932470709068
3 "MN" 1.09861228866811 0 "MOWER" 49 27099 1.29814 0.260932470709068
4.5 "MN" 1.50407739677627 0 "MOWER" 49 27099 1.29814 0.260932470709068
2.1 "MN" 0.741937344729377 0 "MOWER" 49 27099 1.29814 0.260932470709068
8 "MN" 2.07944154167984 0 "MOWER" 49 27099 1.29814 0.260932470709068
1.3 "MN" 0.262364264467491 1 "MOWER" 49 27099 1.29814 0.260932470709068
9.2 "MN" 2.21920348405499 0 "MOWER" 49 27099 1.29814 0.260932470709068
1.1 "MN" 0.0953101798043249 1 "MOWER" 49 27099 1.29814 0.260932470709068
10.6 "MN" 2.36085400111802 0 "MOWER" 49 27099 1.29814 0.260932470709068
24 "MN" 3.17805383034795 0 "MOWER" 49 27099 1.29814 0.260932470709068
9.1 "MN" 2.2082744135228 0 "MOWER" 49 27099 1.29814 0.260932470709068
12.1 "MN" 2.4932054526027 0 "MURRAY" 50 27101 1.49011 0.398849942735755
8.1 "MN" 2.09186406167839 0 "NICOLLET" 51 27103 1.28152 0.248046873411091
10.8 "MN" 2.37954613413017 0 "NICOLLET" 51 27103 1.28152 0.248046873411091
4.2 "MN" 1.43508452528932 0 "NICOLLET" 51 27103 1.28152 0.248046873411091
15.7 "MN" 2.75366071235426 0 "NICOLLET" 51 27103 1.28152 0.248046873411091
5.4 "MN" 1.68639895357023 0 "NOBLES" 52 27105 1.49998 0.405451774685941
6.2 "MN" 1.82454929205105 0 "NOBLES" 52 27105 1.49998 0.405451774685941
9.7 "MN" 2.27212588550934 0 "NOBLES" 52 27105 1.49998 0.405451774685941
8.1 "MN" 2.09186406167839 0 "NORMAN" 53 27107 1.30372 0.265221716521598
1.6 "MN" 0.470003629245736 0 "NORMAN" 53 27107 1.30372 0.265221716521598
1.6 "MN" 0.470003629245736 1 "NORMAN" 53 27107 1.30372 0.265221716521598
6.4 "MN" 1.85629799036563 0 "OLMSTED" 54 27109 1.27526 0.24315007938984
4.4 "MN" 1.48160454092422 0 "OLMSTED" 54 27109 1.27526 0.24315007938984
11.2 "MN" 2.41591377830105 0 "OLMSTED" 54 27109 1.27526 0.24315007938984
10 "MN" 2.30258509299405 0 "OLMSTED" 54 27109 1.27526 0.24315007938984
4.5 "MN" 1.50407739677627 0 "OLMSTED" 54 27109 1.27526 0.24315007938984
8 "MN" 2.07944154167984 0 "OLMSTED" 54 27109 1.27526 0.24315007938984
2.3 "MN" 0.832909122935104 0 "OLMSTED" 54 27109 1.27526 0.24315007938984
3.2 "MN" 1.16315080980568 0 "OLMSTED" 54 27109 1.27526 0.24315007938984
5 "MN" 1.6094379124341 0 "OLMSTED" 54 27109 1.27526 0.24315007938984
4.1 "MN" 1.41098697371026 0 "OLMSTED" 54 27109 1.27526 0.24315007938984
1.1 "MN" 0.0953101798043249 0 "OLMSTED" 54 27109 1.27526 0.24315007938984
2 "MN" 0.693147180559945 0 "OLMSTED" 54 27109 1.27526 0.24315007938984
1.1 "MN" 0.0953101798043249 1 "OLMSTED" 54 27109 1.27526 0.24315007938984
2.9 "MN" 1.06471073699243 0 "OLMSTED" 54 27109 1.27526 0.24315007938984
2.1 "MN" 0.741937344729377 0 "OLMSTED" 54 27109 1.27526 0.24315007938984
7.8 "MN" 2.05412373369555 0 "OLMSTED" 54 27109 1.27526 0.24315007938984
3.8 "MN" 1.33500106673234 0 "OLMSTED" 54 27109 1.27526 0.24315007938984
2.5 "MN" 0.916290731874155 0 "OLMSTED" 54 27109 1.27526 0.24315007938984
2.9 "MN" 1.06471073699243 0 "OLMSTED" 54 27109 1.27526 0.24315007938984
1.7 "MN" 0.53062825106217 1 "OLMSTED" 54 27109 1.27526 0.24315007938984
2.5 "MN" 0.916290731874155 0 "OLMSTED" 54 27109 1.27526 0.24315007938984
9.4 "MN" 2.24070968927596 0 "OLMSTED" 54 27109 1.27526 0.24315007938984
0.6 "MN" -0.510825623765991 1 "OLMSTED" 54 27109 1.27526 0.24315007938984
2.7 "MN" 0.993251773010283 0 "OTTER TAIL" 55 27111 0.814867 -0.20473036924229
1.1 "MN" 0.0953101798043249 1 "OTTER TAIL" 55 27111 0.814867 -0.20473036924229
2.1 "MN" 0.741937344729377 1 "OTTER TAIL" 55 27111 0.814867 -0.20473036924229
12 "MN" 2.484906649788 0 "OTTER TAIL" 55 27111 0.814867 -0.20473036924229
12.6 "MN" 2.53369681395743 1 "OTTER TAIL" 55 27111 0.814867 -0.20473036924229
3.2 "MN" 1.16315080980568 0 "OTTER TAIL" 55 27111 0.814867 -0.20473036924229
4.2 "MN" 1.43508452528932 0 "OTTER TAIL" 55 27111 0.814867 -0.20473036924229
3.8 "MN" 1.33500106673234 0 "OTTER TAIL" 55 27111 0.814867 -0.20473036924229
3.7 "MN" 1.30833281965018 1 "PENNINGTON" 56 27113 0.928646 -0.0740276676859043
5.8 "MN" 1.75785791755237 0 "PENNINGTON" 56 27113 0.928646 -0.0740276676859043
0.3 "MN" -1.20397280432594 1 "PENNINGTON" 56 27113 0.928646 -0.0740276676859043
4.1 "MN" 1.41098697371026 0 "PINE" 57 27115 0.849343 -0.163292169547294
2.8 "MN" 1.02961941718116 0 "PINE" 57 27115 0.849343 -0.163292169547294
1.9 "MN" 0.641853886172395 0 "PINE" 57 27115 0.849343 -0.163292169547294
1.2 "MN" 0.182321556793955 1 "PINE" 57 27115 0.849343 -0.163292169547294
1.2 "MN" 0.182321556793955 0 "PINE" 57 27115 0.849343 -0.163292169547294
1.5 "MN" 0.405465108108164 0 "PINE" 57 27115 0.849343 -0.163292169547294
9.4 "MN" 2.24070968927596 0 "PIPESTONE" 58 27117 1.61382 0.478604039464906
1.7 "MN" 0.53062825106217 0 "PIPESTONE" 58 27117 1.61382 0.478604039464906
12.1 "MN" 2.4932054526027 0 "PIPESTONE" 58 27117 1.61382 0.478604039464906
4.3 "MN" 1.45861502269952 1 "PIPESTONE" 58 27117 1.61382 0.478604039464906
6.9 "MN" 1.93152141160321 0 "POLK" 59 27119 1.30488 0.266111082523638
1.4 "MN" 0.336472236621213 1 "POLK" 59 27119 1.30488 0.266111082523638
2.5 "MN" 0.916290731874155 1 "POLK" 59 27119 1.30488 0.266111082523638
9.6 "MN" 2.26176309847379 0 "POLK" 59 27119 1.30488 0.266111082523638
3.8 "MN" 1.33500106673234 0 "POPE" 60 27121 1.32465 0.281148273600784
3.4 "MN" 1.22377543162212 0 "POPE" 60 27121 1.32465 0.281148273600784
6.8 "MN" 1.91692261218206 0 "RAMSEY" 61 27123 0.658327 -0.418053510614464
3.6 "MN" 1.28093384546206 0 "RAMSEY" 61 27123 0.658327 -0.418053510614464
2.2 "MN" 0.78845736036427 0 "RAMSEY" 61 27123 0.658327 -0.418053510614464
2.6 "MN" 0.955511445027436 0 "RAMSEY" 61 27123 0.658327 -0.418053510614464
2.1 "MN" 0.741937344729377 0 "RAMSEY" 61 27123 0.658327 -0.418053510614464
7 "MN" 1.94591014905531 0 "RAMSEY" 61 27123 0.658327 -0.418053510614464
1.2 "MN" 0.182321556793955 0 "RAMSEY" 61 27123 0.658327 -0.418053510614464
3.8 "MN" 1.33500106673234 0 "RAMSEY" 61 27123 0.658327 -0.418053510614464
3.5 "MN" 1.25276296849537 0 "RAMSEY" 61 27123 0.658327 -0.418053510614464
4.2 "MN" 1.43508452528932 0 "RAMSEY" 61 27123 0.658327 -0.418053510614464
1.6 "MN" 0.470003629245736 1 "RAMSEY" 61 27123 0.658327 -0.418053510614464
2.8 "MN" 1.02961941718116 1 "RAMSEY" 61 27123 0.658327 -0.418053510614464
8.6 "MN" 2.15176220325946 0 "RAMSEY" 61 27123 0.658327 -0.418053510614464
6.2 "MN" 1.82454929205105 0 "RAMSEY" 61 27123 0.658327 -0.418053510614464
5.2 "MN" 1.64865862558738 0 "RAMSEY" 61 27123 0.658327 -0.418053510614464
2.7 "MN" 0.993251773010283 0 "RAMSEY" 61 27123 0.658327 -0.418053510614464
1.2 "MN" 0.182321556793955 0 "RAMSEY" 61 27123 0.658327 -0.418053510614464
3.5 "MN" 1.25276296849537 0 "RAMSEY" 61 27123 0.658327 -0.418053510614464
5.5 "MN" 1.70474809223843 0 "RAMSEY" 61 27123 0.658327 -0.418053510614464
10.1 "MN" 2.31253542384721 1 "RAMSEY" 61 27123 0.658327 -0.418053510614464
5.5 "MN" 1.70474809223843 0 "RAMSEY" 61 27123 0.658327 -0.418053510614464
1.2 "MN" 0.182321556793955 0 "RAMSEY" 61 27123 0.658327 -0.418053510614464
4.9 "MN" 1.58923520511658 0 "RAMSEY" 61 27123 0.658327 -0.418053510614464
4 "MN" 1.38629436111989 0 "RAMSEY" 61 27123 0.658327 -0.418053510614464
3.5 "MN" 1.25276296849537 0 "RAMSEY" 61 27123 0.658327 -0.418053510614464
2.5 "MN" 0.916290731874155 0 "RAMSEY" 61 27123 0.658327 -0.418053510614464
1.2 "MN" 0.182321556793955 0 "RAMSEY" 61 27123 0.658327 -0.418053510614464
2.7 "MN" 0.993251773010283 0 "RAMSEY" 61 27123 0.658327 -0.418053510614464
1.7 "MN" 0.53062825106217 0 "RAMSEY" 61 27123 0.658327 -0.418053510614464
3.1 "MN" 1.1314021114911 0 "RAMSEY" 61 27123 0.658327 -0.418053510614464
0.7 "MN" -0.356674943938732 0 "RAMSEY" 61 27123 0.658327 -0.418053510614464
1 "MN" 0 0 "RAMSEY" 61 27123 0.658327 -0.418053510614464
1.9 "MN" 0.641853886172395 0 "REDWOOD" 62 27127 1.44242 0.366322258590098
3.8 "MN" 1.33500106673234 0 "REDWOOD" 62 27127 1.44242 0.366322258590098
8.9 "MN" 2.18605127673809 0 "REDWOOD" 62 27127 1.44242 0.366322258590098
7.4 "MN" 2.00148000021012 0 "REDWOOD" 62 27127 1.44242 0.366322258590098
20.7 "MN" 3.03013370027132 1 "REDWOOD" 62 27127 1.44242 0.366322258590098
6 "MN" 1.79175946922805 0 "RENVILLE" 63 27129 1.46313 0.380577976600215
2.1 "MN" 0.741937344729377 0 "RENVILLE" 63 27129 1.46313 0.380577976600215
5.8 "MN" 1.75785791755237 1 "RENVILLE" 63 27129 1.46313 0.380577976600215
9.7 "MN" 2.27212588550934 0 "RICE" 64 27131 1.21306 0.193146092877103
6.4 "MN" 1.85629799036563 0 "RICE" 64 27131 1.21306 0.193146092877103
4.6 "MN" 1.52605630349505 0 "RICE" 64 27131 1.21306 0.193146092877103
5.6 "MN" 1.7227665977411 0 "RICE" 64 27131 1.21306 0.193146092877103
19 "MN" 2.94443897916644 0 "RICE" 64 27131 1.21306 0.193146092877103
2.4 "MN" 0.8754687373539 1 "RICE" 64 27131 1.21306 0.193146092877103
3 "MN" 1.09861228866811 0 "RICE" 64 27131 1.21306 0.193146092877103
5.1 "MN" 1.62924053973028 0 "RICE" 64 27131 1.21306 0.193146092877103
7.7 "MN" 2.04122032885964 0 "RICE" 64 27131 1.21306 0.193146092877103
8.1 "MN" 2.09186406167839 0 "RICE" 64 27131 1.21306 0.193146092877103
4.7 "MN" 1.54756250871601 0 "RICE" 64 27131 1.21306 0.193146092877103
8.4 "MN" 2.12823170584927 0 "ROCK" 65 27133 1.69558 0.528024865192056
1.6 "MN" 0.470003629245736 0 "ROCK" 65 27133 1.69558 0.528024865192056
6 "MN" 1.79175946922805 1 "ROSEAU" 66 27135 0.808928 -0.212045364648176
1.1 "MN" 0.0953101798043249 1 "ROSEAU" 66 27135 0.808928 -0.212045364648176
11.4 "MN" 2.43361335540045 0 "ROSEAU" 66 27135 0.808928 -0.212045364648176
4.3 "MN" 1.45861502269952 1 "ROSEAU" 66 27135 0.808928 -0.212045364648176
3.6 "MN" 1.28093384546206 1 "ROSEAU" 66 27135 0.808928 -0.212045364648176
10.3 "MN" 2.33214389523559 0 "ROSEAU" 66 27135 0.808928 -0.212045364648176
3.4 "MN" 1.22377543162212 1 "ROSEAU" 66 27135 0.808928 -0.212045364648176
3.1 "MN" 1.1314021114911 0 "ROSEAU" 66 27135 0.808928 -0.212045364648176
3.6 "MN" 1.28093384546206 0 "ROSEAU" 66 27135 0.808928 -0.212045364648176
2.7 "MN" 0.993251773010283 0 "ROSEAU" 66 27135 0.808928 -0.212045364648176
4 "MN" 1.38629436111989 0 "ROSEAU" 66 27135 0.808928 -0.212045364648176
1.2 "MN" 0.182321556793955 1 "ROSEAU" 66 27135 0.808928 -0.212045364648176
1.7 "MN" 0.53062825106217 1 "ROSEAU" 66 27135 0.808928 -0.212045364648176
4.2 "MN" 1.43508452528932 1 "ROSEAU" 66 27135 0.808928 -0.212045364648176
19.3 "MN" 2.96010509591084 1 "SCOTT" 67 27139 1.06515 0.0631156343140753
9.1 "MN" 2.2082744135228 1 "SCOTT" 67 27139 1.06515 0.0631156343140753
2 "MN" 0.693147180559945 0 "SCOTT" 67 27139 1.06515 0.0631156343140753
11.4 "MN" 2.43361335540045 0 "SCOTT" 67 27139 1.06515 0.0631156343140753
10.2 "MN" 2.32238772029023 0 "SCOTT" 67 27139 1.06515 0.0631156343140753
2.1 "MN" 0.741937344729377 1 "SCOTT" 67 27139 1.06515 0.0631156343140753
1.2 "MN" 0.182321556793955 0 "SCOTT" 67 27139 1.06515 0.0631156343140753
3.2 "MN" 1.16315080980568 0 "SCOTT" 67 27139 1.06515 0.0631156343140753
2 "MN" 0.693147180559945 1 "SCOTT" 67 27139 1.06515 0.0631156343140753
4.3 "MN" 1.45861502269952 0 "SCOTT" 67 27139 1.06515 0.0631156343140753
2.2 "MN" 0.78845736036427 0 "SCOTT" 67 27139 1.06515 0.0631156343140753
5.4 "MN" 1.68639895357023 0 "SCOTT" 67 27139 1.06515 0.0631156343140753
25.2 "MN" 3.22684399451738 0 "SCOTT" 67 27139 1.06515 0.0631156343140753
5.1 "MN" 1.62924053973028 0 "SHERBURNE" 68 27141 0.504879 -0.683436482376788
2.3 "MN" 0.832909122935104 0 "SHERBURNE" 68 27141 0.504879 -0.683436482376788
3.2 "MN" 1.16315080980568 0 "SHERBURNE" 68 27141 0.504879 -0.683436482376788
2.5 "MN" 0.916290731874155 0 "SHERBURNE" 68 27141 0.504879 -0.683436482376788
2.8 "MN" 1.02961941718116 0 "SHERBURNE" 68 27141 0.504879 -0.683436482376788
3.1 "MN" 1.1314021114911 0 "SHERBURNE" 68 27141 0.504879 -0.683436482376788
1.6 "MN" 0.470003629245736 0 "SHERBURNE" 68 27141 0.504879 -0.683436482376788
4.7 "MN" 1.54756250871601 0 "SHERBURNE" 68 27141 0.504879 -0.683436482376788
4 "MN" 1.38629436111989 0 "SIBLEY" 69 27143 1.26771 0.23721212323308
5 "MN" 1.6094379124341 0 "SIBLEY" 69 27143 1.26771 0.23721212323308
1.5 "MN" 0.405465108108164 0 "SIBLEY" 69 27143 1.26771 0.23721212323308
4.8 "MN" 1.56861591791385 0 "SIBLEY" 69 27143 1.26771 0.23721212323308
0.8 "MN" -0.22314355131421 0 "ST LOUIS" 70 27137 0.622088 -0.474673717150503
0.5 "MN" -0.693147180559945 1 "ST LOUIS" 70 27137 0.622088 -0.474673717150503
2.4 "MN" 0.8754687373539 0 "ST LOUIS" 70 27137 0.622088 -0.474673717150503
2.3 "MN" 0.832909122935104 0 "ST LOUIS" 70 27137 0.622088 -0.474673717150503
4.6 "MN" 1.52605630349505 0 "ST LOUIS" 70 27137 0.622088 -0.474673717150503
11 "MN" 2.39789527279837 0 "ST LOUIS" 70 27137 0.622088 -0.474673717150503
14.9 "MN" 2.70136121295141 0 "ST LOUIS" 70 27137 0.622088 -0.474673717150503
8.6 "MN" 2.15176220325946 0 "ST LOUIS" 70 27137 0.622088 -0.474673717150503
4.5 "MN" 1.50407739677627 0 "ST LOUIS" 70 27137 0.622088 -0.474673717150503
1.5 "MN" 0.405465108108164 0 "ST LOUIS" 70 27137 0.622088 -0.474673717150503
3.9 "MN" 1.3609765531356 0 "ST LOUIS" 70 27137 0.622088 -0.474673717150503
1.8 "MN" 0.587786664902119 0 "ST LOUIS" 70 27137 0.622088 -0.474673717150503
1.6 "MN" 0.470003629245736 0 "ST LOUIS" 70 27137 0.622088 -0.474673717150503
0.5 "MN" -0.693147180559945 0 "ST LOUIS" 70 27137 0.622088 -0.474673717150503
0.4 "MN" -0.916290731874155 1 "ST LOUIS" 70 27137 0.622088 -0.474673717150503
0.5 "MN" -0.693147180559945 1 "ST LOUIS" 70 27137 0.622088 -0.474673717150503
8.7 "MN" 2.16332302566054 0 "ST LOUIS" 70 27137 0.622088 -0.474673717150503
1.6 "MN" 0.470003629245736 1 "ST LOUIS" 70 27137 0.622088 -0.474673717150503
1.4 "MN" 0.336472236621213 0 "ST LOUIS" 70 27137 0.622088 -0.474673717150503
8.7 "MN" 2.16332302566054 0 "ST LOUIS" 70 27137 0.622088 -0.474673717150503
11.1 "MN" 2.40694510831829 0 "ST LOUIS" 70 27137 0.622088 -0.474673717150503
1.5 "MN" 0.405465108108164 0 "ST LOUIS" 70 27137 0.622088 -0.474673717150503
1.1 "MN" 0.0953101798043249 0 "ST LOUIS" 70 27137 0.622088 -0.474673717150503
0.9 "MN" -0.105360515657826 1 "ST LOUIS" 70 27137 0.622088 -0.474673717150503
0.7 "MN" -0.356674943938732 0 "ST LOUIS" 70 27137 0.622088 -0.474673717150503
4.2 "MN" 1.43508452528932 0 "ST LOUIS" 70 27137 0.622088 -0.474673717150503
3.4 "MN" 1.22377543162212 0 "ST LOUIS" 70 27137 0.622088 -0.474673717150503
2.1 "MN" 0.741937344729377 1 "ST LOUIS" 70 27137 0.622088 -0.474673717150503
2.9 "MN" 1.06471073699243 0 "ST LOUIS" 70 27137 0.622088 -0.474673717150503
1.8 "MN" 0.587786664902119 0 "ST LOUIS" 70 27137 0.622088 -0.474673717150503
1.8 "MN" 0.587786664902119 0 "ST LOUIS" 70 27137 0.622088 -0.474673717150503
2.4 "MN" 0.8754687373539 0 "ST LOUIS" 70 27137 0.622088 -0.474673717150503
1.7 "MN" 0.53062825106217 0 "ST LOUIS" 70 27137 0.622088 -0.474673717150503
0.8 "MN" -0.22314355131421 1 "ST LOUIS" 70 27137 0.622088 -0.474673717150503
11.7 "MN" 2.45958884180371 0 "ST LOUIS" 70 27137 0.622088 -0.474673717150503
1.8 "MN" 0.587786664902119 0 "ST LOUIS" 70 27137 0.622088 -0.474673717150503
2.8 "MN" 1.02961941718116 0 "ST LOUIS" 70 27137 0.622088 -0.474673717150503
3.5 "MN" 1.25276296849537 1 "ST LOUIS" 70 27137 0.622088 -0.474673717150503
3.6 "MN" 1.28093384546206 0 "ST LOUIS" 70 27137 0.622088 -0.474673717150503
3.5 "MN" 1.25276296849537 0 "ST LOUIS" 70 27137 0.622088 -0.474673717150503
3 "MN" 1.09861228866811 0 "ST LOUIS" 70 27137 0.622088 -0.474673717150503
3.2 "MN" 1.16315080980568 1 "ST LOUIS" 70 27137 0.622088 -0.474673717150503
3.1 "MN" 1.1314021114911 0 "ST LOUIS" 70 27137 0.622088 -0.474673717150503
3.3 "MN" 1.19392246847243 0 "ST LOUIS" 70 27137 0.622088 -0.474673717150503
1.7 "MN" 0.53062825106217 1 "ST LOUIS" 70 27137 0.622088 -0.474673717150503
5.6 "MN" 1.7227665977411 0 "ST LOUIS" 70 27137 0.622088 -0.474673717150503
3.4 "MN" 1.22377543162212 0 "ST LOUIS" 70 27137 0.622088 -0.474673717150503
1.5 "MN" 0.405465108108164 0 "ST LOUIS" 70 27137 0.622088 -0.474673717150503
32.2 "MN" 3.47196645255036 0 "ST LOUIS" 70 27137 0.622088 -0.474673717150503
1.1 "MN" 0.0953101798043249 0 "ST LOUIS" 70 27137 0.622088 -0.474673717150503
2.1 "MN" 0.741937344729377 0 "ST LOUIS" 70 27137 0.622088 -0.474673717150503
0.8 "MN" -0.22314355131421 0 "ST LOUIS" 70 27137 0.622088 -0.474673717150503
1.5 "MN" 0.405465108108164 0 "ST LOUIS" 70 27137 0.622088 -0.474673717150503
1.3 "MN" 0.262364264467491 0 "ST LOUIS" 70 27137 0.622088 -0.474673717150503
3.1 "MN" 1.1314021114911 0 "ST LOUIS" 70 27137 0.622088 -0.474673717150503
7.2 "MN" 1.97408102602201 0 "ST LOUIS" 70 27137 0.622088 -0.474673717150503
1.4 "MN" 0.336472236621213 0 "ST LOUIS" 70 27137 0.622088 -0.474673717150503
1.3 "MN" 0.262364264467491 0 "ST LOUIS" 70 27137 0.622088 -0.474673717150503
1.5 "MN" 0.405465108108164 0 "ST LOUIS" 70 27137 0.622088 -0.474673717150503
5 "MN" 1.6094379124341 0 "ST LOUIS" 70 27137 0.622088 -0.474673717150503
2.3 "MN" 0.832909122935104 0 "ST LOUIS" 70 27137 0.622088 -0.474673717150503
2.4 "MN" 0.8754687373539 0 "ST LOUIS" 70 27137 0.622088 -0.474673717150503
1.2 "MN" 0.182321556793955 0 "ST LOUIS" 70 27137 0.622088 -0.474673717150503
5.4 "MN" 1.68639895357023 0 "ST LOUIS" 70 27137 0.622088 -0.474673717150503
1.1 "MN" 0.0953101798043249 0 "ST LOUIS" 70 27137 0.622088 -0.474673717150503
1.4 "MN" 0.336472236621213 0 "ST LOUIS" 70 27137 0.622088 -0.474673717150503
7.2 "MN" 1.97408102602201 1 "ST LOUIS" 70 27137 0.622088 -0.474673717150503
1.1 "MN" 0.0953101798043249 0 "ST LOUIS" 70 27137 0.622088 -0.474673717150503
3.3 "MN" 1.19392246847243 0 "ST LOUIS" 70 27137 0.622088 -0.474673717150503
3.2 "MN" 1.16315080980568 0 "ST LOUIS" 70 27137 0.622088 -0.474673717150503
1.5 "MN" 0.405465108108164 0 "ST LOUIS" 70 27137 0.622088 -0.474673717150503
3.6 "MN" 1.28093384546206 0 "ST LOUIS" 70 27137 0.622088 -0.474673717150503
0.8 "MN" -0.22314355131421 0 "ST LOUIS" 70 27137 0.622088 -0.474673717150503
1.6 "MN" 0.470003629245736 0 "ST LOUIS" 70 27137 0.622088 -0.474673717150503
1.4 "MN" 0.336472236621213 0 "ST LOUIS" 70 27137 0.622088 -0.474673717150503
2.7 "MN" 0.993251773010283 0 "ST LOUIS" 70 27137 0.622088 -0.474673717150503
3.3 "MN" 1.19392246847243 0 "ST LOUIS" 70 27137 0.622088 -0.474673717150503
0.9 "MN" -0.105360515657826 0 "ST LOUIS" 70 27137 0.622088 -0.474673717150503
0.6 "MN" -0.510825623765991 0 "ST LOUIS" 70 27137 0.622088 -0.474673717150503
2 "MN" 0.693147180559945 0 "ST LOUIS" 70 27137 0.622088 -0.474673717150503
1.9 "MN" 0.641853886172395 0 "ST LOUIS" 70 27137 0.622088 -0.474673717150503
0.9 "MN" -0.105360515657826 0 "ST LOUIS" 70 27137 0.622088 -0.474673717150503
5.4 "MN" 1.68639895357023 0 "ST LOUIS" 70 27137 0.622088 -0.474673717150503
1.5 "MN" 0.405465108108164 0 "ST LOUIS" 70 27137 0.622088 -0.474673717150503
3.1 "MN" 1.1314021114911 0 "ST LOUIS" 70 27137 0.622088 -0.474673717150503
1.8 "MN" 0.587786664902119 0 "ST LOUIS" 70 27137 0.622088 -0.474673717150503
0.9 "MN" -0.105360515657826 1 "ST LOUIS" 70 27137 0.622088 -0.474673717150503
3.3 "MN" 1.19392246847243 0 "ST LOUIS" 70 27137 0.622088 -0.474673717150503
1.7 "MN" 0.53062825106217 0 "ST LOUIS" 70 27137 0.622088 -0.474673717150503
3.1 "MN" 1.1314021114911 0 "ST LOUIS" 70 27137 0.622088 -0.474673717150503
0.7 "MN" -0.356674943938732 1 "ST LOUIS" 70 27137 0.622088 -0.474673717150503
4.3 "MN" 1.45861502269952 0 "ST LOUIS" 70 27137 0.622088 -0.474673717150503
1.4 "MN" 0.336472236621213 0 "ST LOUIS" 70 27137 0.622088 -0.474673717150503
1.8 "MN" 0.587786664902119 0 "ST LOUIS" 70 27137 0.622088 -0.474673717150503
1.5 "MN" 0.405465108108164 0 "ST LOUIS" 70 27137 0.622088 -0.474673717150503
2.2 "MN" 0.78845736036427 1 "ST LOUIS" 70 27137 0.622088 -0.474673717150503
2.4 "MN" 0.8754687373539 0 "ST LOUIS" 70 27137 0.622088 -0.474673717150503
2.7 "MN" 0.993251773010283 0 "ST LOUIS" 70 27137 0.622088 -0.474673717150503
1.7 "MN" 0.53062825106217 0 "ST LOUIS" 70 27137 0.622088 -0.474673717150503
1.1 "MN" 0.0953101798043249 1 "ST LOUIS" 70 27137 0.622088 -0.474673717150503
1.8 "MN" 0.587786664902119 1 "ST LOUIS" 70 27137 0.622088 -0.474673717150503
0.2 "MN" -1.6094379124341 0 "ST LOUIS" 70 27137 0.622088 -0.474673717150503
2.2 "MN" 0.78845736036427 0 "ST LOUIS" 70 27137 0.622088 -0.474673717150503
4.6 "MN" 1.52605630349505 0 "ST LOUIS" 70 27137 0.622088 -0.474673717150503
2.1 "MN" 0.741937344729377 0 "ST LOUIS" 70 27137 0.622088 -0.474673717150503
2 "MN" 0.693147180559945 0 "ST LOUIS" 70 27137 0.622088 -0.474673717150503
0.7 "MN" -0.356674943938732 0 "ST LOUIS" 70 27137 0.622088 -0.474673717150503
6.4 "MN" 1.85629799036563 0 "ST LOUIS" 70 27137 0.622088 -0.474673717150503
3 "MN" 1.09861228866811 0 "ST LOUIS" 70 27137 0.622088 -0.474673717150503
2 "MN" 0.693147180559945 0 "ST LOUIS" 70 27137 0.622088 -0.474673717150503
0.9 "MN" -0.105360515657826 0 "ST LOUIS" 70 27137 0.622088 -0.474673717150503
3.3 "MN" 1.19392246847243 0 "ST LOUIS" 70 27137 0.622088 -0.474673717150503
1.8 "MN" 0.587786664902119 0 "ST LOUIS" 70 27137 0.622088 -0.474673717150503
1.8 "MN" 0.587786664902119 0 "ST LOUIS" 70 27137 0.622088 -0.474673717150503
2.2 "MN" 0.78845736036427 0 "ST LOUIS" 70 27137 0.622088 -0.474673717150503
4.3 "MN" 1.45861502269952 0 "ST LOUIS" 70 27137 0.622088 -0.474673717150503
7.5 "MN" 2.01490302054226 0 "STEARNS" 71 27145 1.12344 0.116395406677788
6.4 "MN" 1.85629799036563 0 "STEARNS" 71 27145 1.12344 0.116395406677788
8.3 "MN" 2.11625551480255 0 "STEARNS" 71 27145 1.12344 0.116395406677788
2.1 "MN" 0.741937344729377 0 "STEARNS" 71 27145 1.12344 0.116395406677788
3.3 "MN" 1.19392246847243 0 "STEARNS" 71 27145 1.12344 0.116395406677788
1.3 "MN" 0.262364264467491 0 "STEARNS" 71 27145 1.12344 0.116395406677788
5 "MN" 1.6094379124341 0 "STEARNS" 71 27145 1.12344 0.116395406677788
1 "MN" 0 1 "STEARNS" 71 27145 1.12344 0.116395406677788
7 "MN" 1.94591014905531 0 "STEARNS" 71 27145 1.12344 0.116395406677788
5.7 "MN" 1.7404661748405 0 "STEARNS" 71 27145 1.12344 0.116395406677788
10.1 "MN" 2.31253542384721 0 "STEARNS" 71 27145 1.12344 0.116395406677788
6.6 "MN" 1.88706964903238 0 "STEARNS" 71 27145 1.12344 0.116395406677788
2.6 "MN" 0.955511445027436 1 "STEARNS" 71 27145 1.12344 0.116395406677788
3.3 "MN" 1.19392246847243 0 "STEARNS" 71 27145 1.12344 0.116395406677788
1.5 "MN" 0.405465108108164 1 "STEARNS" 71 27145 1.12344 0.116395406677788
5 "MN" 1.6094379124341 0 "STEARNS" 71 27145 1.12344 0.116395406677788
7.4 "MN" 2.00148000021012 0 "STEARNS" 71 27145 1.12344 0.116395406677788
14.5 "MN" 2.67414864942653 0 "STEARNS" 71 27145 1.12344 0.116395406677788
1.8 "MN" 0.587786664902119 0 "STEARNS" 71 27145 1.12344 0.116395406677788
7.4 "MN" 2.00148000021012 0 "STEARNS" 71 27145 1.12344 0.116395406677788
2.6 "MN" 0.955511445027436 0 "STEARNS" 71 27145 1.12344 0.116395406677788
3.7 "MN" 1.30833281965018 0 "STEARNS" 71 27145 1.12344 0.116395406677788
1.9 "MN" 0.641853886172395 0 "STEARNS" 71 27145 1.12344 0.116395406677788
2.2 "MN" 0.78845736036427 1 "STEARNS" 71 27145 1.12344 0.116395406677788
5 "MN" 1.6094379124341 0 "STEARNS" 71 27145 1.12344 0.116395406677788
7.3 "MN" 1.98787434815435 0 "STEELE" 72 27147 1.30971 0.269805738660408
3.7 "MN" 1.30833281965018 0 "STEELE" 72 27147 1.30971 0.269805738660408
2.9 "MN" 1.06471073699243 0 "STEELE" 72 27147 1.30971 0.269805738660408
4.4 "MN" 1.48160454092422 0 "STEELE" 72 27147 1.30971 0.269805738660408
8.4 "MN" 2.12823170584927 0 "STEELE" 72 27147 1.30971 0.269805738660408
5.1 "MN" 1.62924053973028 0 "STEELE" 72 27147 1.30971 0.269805738660408
3.6 "MN" 1.28093384546206 0 "STEELE" 72 27147 1.30971 0.269805738660408
1.5 "MN" 0.405465108108164 0 "STEELE" 72 27147 1.30971 0.269805738660408
8.6 "MN" 2.15176220325946 0 "STEELE" 72 27147 1.30971 0.269805738660408
10.6 "MN" 2.36085400111802 0 "STEELE" 72 27147 1.30971 0.269805738660408
8 "MN" 2.07944154167984 0 "STEVENS" 73 27149 1.60124 0.470778329088307
4.5 "MN" 1.50407739677627 0 "STEVENS" 73 27149 1.60124 0.470778329088307
3 "MN" 1.09861228866811 0 "SWIFT" 74 27151 1.37167 0.316028975591628
2.4 "MN" 0.8754687373539 0 "SWIFT" 74 27151 1.37167 0.316028975591628
1.5 "MN" 0.405465108108164 0 "SWIFT" 74 27151 1.37167 0.316028975591628
4.8 "MN" 1.56861591791385 0 "SWIFT" 74 27151 1.37167 0.316028975591628
6.8 "MN" 1.91692261218206 0 "TODD" 75 27153 0.95424 -0.0468400668458182
2.1 "MN" 0.741937344729377 0 "TODD" 75 27153 0.95424 -0.0468400668458182
6 "MN" 1.79175946922805 1 "TODD" 75 27153 0.95424 -0.0468400668458182
2.9 "MN" 1.06471073699243 1 "TRAVERSE" 76 27155 1.64476 0.497594476916848
6.7 "MN" 1.90210752639692 0 "TRAVERSE" 76 27155 1.64476 0.497594476916848
19.3 "MN" 2.96010509591084 0 "TRAVERSE" 76 27155 1.64476 0.497594476916848
4 "MN" 1.38629436111989 0 "TRAVERSE" 76 27155 1.64476 0.497594476916848
5.9 "MN" 1.77495235091167 0 "WABASHA" 77 27157 1.16193 0.150082415651304
9 "MN" 2.19722457733622 0 "WABASHA" 77 27157 1.16193 0.150082415651304
8.4 "MN" 2.12823170584927 0 "WABASHA" 77 27157 1.16193 0.150082415651304
1.1 "MN" 0.0953101798043249 1 "WABASHA" 77 27157 1.16193 0.150082415651304
3.1 "MN" 1.1314021114911 0 "WABASHA" 77 27157 1.16193 0.150082415651304
11.5 "MN" 2.4423470353692 0 "WABASHA" 77 27157 1.16193 0.150082415651304
9.6 "MN" 2.26176309847379 0 "WABASHA" 77 27157 1.16193 0.150082415651304
2.9 "MN" 1.06471073699243 0 "WADENA" 78 27159 0.510671 -0.672029731746026
0.7 "MN" -0.356674943938732 1 "WADENA" 78 27159 0.510671 -0.672029731746026
3.2 "MN" 1.16315080980568 1 "WADENA" 78 27159 0.510671 -0.672029731746026
4.7 "MN" 1.54756250871601 0 "WADENA" 78 27159 0.510671 -0.672029731746026
4.8 "MN" 1.56861591791385 0 "WADENA" 78 27159 0.510671 -0.672029731746026
0.4 "MN" -0.916290731874155 0 "WASECA" 79 27161 1.23666 0.212414197101124
9.3 "MN" 2.23001440015921 0 "WASECA" 79 27161 1.23666 0.212414197101124
1.7 "MN" 0.53062825106217 0 "WASECA" 79 27161 1.23666 0.212414197101124
0.9 "MN" -0.105360515657826 1 "WASECA" 79 27161 1.23666 0.212414197101124
10.2 "MN" 2.32238772029023 0 "WASHINGTON" 80 27163 0.862876 -0.147484283042756
7.7 "MN" 2.04122032885964 0 "WASHINGTON" 80 27163 0.862876 -0.147484283042756
2.2 "MN" 0.78845736036427 0 "WASHINGTON" 80 27163 0.862876 -0.147484283042756
6.5 "MN" 1.87180217690159 0 "WASHINGTON" 80 27163 0.862876 -0.147484283042756
12.2 "MN" 2.50143595173921 0 "WASHINGTON" 80 27163 0.862876 -0.147484283042756
4.6 "MN" 1.52605630349505 0 "WASHINGTON" 80 27163 0.862876 -0.147484283042756
6.2 "MN" 1.82454929205105 0 "WASHINGTON" 80 27163 0.862876 -0.147484283042756
6.5 "MN" 1.87180217690159 0 "WASHINGTON" 80 27163 0.862876 -0.147484283042756
2.8 "MN" 1.02961941718116 0 "WASHINGTON" 80 27163 0.862876 -0.147484283042756
1.9 "MN" 0.641853886172395 0 "WASHINGTON" 80 27163 0.862876 -0.147484283042756
1.2 "MN" 0.182321556793955 1 "WASHINGTON" 80 27163 0.862876 -0.147484283042756
2.4 "MN" 0.8754687373539 0 "WASHINGTON" 80 27163 0.862876 -0.147484283042756
1 "MN" 0 0 "WASHINGTON" 80 27163 0.862876 -0.147484283042756
1.2 "MN" 0.182321556793955 1 "WASHINGTON" 80 27163 0.862876 -0.147484283042756
1.6 "MN" 0.470003629245736 0 "WASHINGTON" 80 27163 0.862876 -0.147484283042756
0.8 "MN" -0.22314355131421 0 "WASHINGTON" 80 27163 0.862876 -0.147484283042756
1.7 "MN" 0.53062825106217 0 "WASHINGTON" 80 27163 0.862876 -0.147484283042756
4.7 "MN" 1.54756250871601 0 "WASHINGTON" 80 27163 0.862876 -0.147484283042756
1.7 "MN" 0.53062825106217 1 "WASHINGTON" 80 27163 0.862876 -0.147484283042756
3.3 "MN" 1.19392246847243 0 "WASHINGTON" 80 27163 0.862876 -0.147484283042756
0.8 "MN" -0.22314355131421 1 "WASHINGTON" 80 27163 0.862876 -0.147484283042756
9.8 "MN" 2.28238238567653 0 "WASHINGTON" 80 27163 0.862876 -0.147484283042756
5.3 "MN" 1.66770682055808 0 "WASHINGTON" 80 27163 0.862876 -0.147484283042756
8.5 "MN" 2.14006616349627 0 "WASHINGTON" 80 27163 0.862876 -0.147484283042756
1.9 "MN" 0.641853886172395 0 "WASHINGTON" 80 27163 0.862876 -0.147484283042756
6.6 "MN" 1.88706964903238 0 "WASHINGTON" 80 27163 0.862876 -0.147484283042756
3.8 "MN" 1.33500106673234 0 "WASHINGTON" 80 27163 0.862876 -0.147484283042756
5.9 "MN" 1.77495235091167 0 "WASHINGTON" 80 27163 0.862876 -0.147484283042756
4.9 "MN" 1.58923520511658 0 "WASHINGTON" 80 27163 0.862876 -0.147484283042756
2.5 "MN" 0.916290731874155 1 "WASHINGTON" 80 27163 0.862876 -0.147484283042756
10.7 "MN" 2.37024374146786 0 "WASHINGTON" 80 27163 0.862876 -0.147484283042756
2.4 "MN" 0.8754687373539 0 "WASHINGTON" 80 27163 0.862876 -0.147484283042756
2.1 "MN" 0.741937344729377 0 "WASHINGTON" 80 27163 0.862876 -0.147484283042756
4.7 "MN" 1.54756250871601 0 "WASHINGTON" 80 27163 0.862876 -0.147484283042756
3.7 "MN" 1.30833281965018 0 "WASHINGTON" 80 27163 0.862876 -0.147484283042756
13.4 "MN" 2.59525470695687 0 "WASHINGTON" 80 27163 0.862876 -0.147484283042756
2.9 "MN" 1.06471073699243 0 "WASHINGTON" 80 27163 0.862876 -0.147484283042756
4.3 "MN" 1.45861502269952 0 "WASHINGTON" 80 27163 0.862876 -0.147484283042756
3.8 "MN" 1.33500106673234 0 "WASHINGTON" 80 27163 0.862876 -0.147484283042756
1.8 "MN" 0.587786664902119 0 "WASHINGTON" 80 27163 0.862876 -0.147484283042756
1.5 "MN" 0.405465108108164 0 "WASHINGTON" 80 27163 0.862876 -0.147484283042756
1.8 "MN" 0.587786664902119 0 "WASHINGTON" 80 27163 0.862876 -0.147484283042756
1.3 "MN" 0.262364264467491 0 "WASHINGTON" 80 27163 0.862876 -0.147484283042756
6.6 "MN" 1.88706964903238 0 "WASHINGTON" 80 27163 0.862876 -0.147484283042756
20.4 "MN" 3.01553490085017 0 "WASHINGTON" 80 27163 0.862876 -0.147484283042756
6 "MN" 1.79175946922805 0 "WASHINGTON" 80 27163 0.862876 -0.147484283042756
13.8 "MN" 2.62466859216316 0 "WATONWAN" 81 27165 1.2011 0.183237803578308
10.2 "MN" 2.32238772029023 1 "WATONWAN" 81 27165 1.2011 0.183237803578308
5.7 "MN" 1.7404661748405 1 "WATONWAN" 81 27165 1.2011 0.183237803578308
9.3 "MN" 2.23001440015921 0 "WILKIN" 82 27167 1.26622 0.236036084296147
3.4 "MN" 1.22377543162212 0 "WINONA" 83 27169 1.58917 0.463211867357523
4.1 "MN" 1.41098697371026 0 "WINONA" 83 27169 1.58917 0.463211867357523
11.6 "MN" 2.45100509811232 0 "WINONA" 83 27169 1.58917 0.463211867357523
7.2 "MN" 1.97408102602201 0 "WINONA" 83 27169 1.58917 0.463211867357523
4.7 "MN" 1.54756250871601 0 "WINONA" 83 27169 1.58917 0.463211867357523
1.8 "MN" 0.587786664902119 1 "WINONA" 83 27169 1.58917 0.463211867357523
0.7 "MN" -0.356674943938732 1 "WINONA" 83 27169 1.58917 0.463211867357523
4.7 "MN" 1.54756250871601 0 "WINONA" 83 27169 1.58917 0.463211867357523
10.2 "MN" 2.32238772029023 0 "WINONA" 83 27169 1.58917 0.463211867357523
11.3 "MN" 2.42480272571829 0 "WINONA" 83 27169 1.58917 0.463211867357523
7.6 "MN" 2.02814824729229 0 "WINONA" 83 27169 1.58917 0.463211867357523
11.8 "MN" 2.46809953147162 0 "WINONA" 83 27169 1.58917 0.463211867357523
0.5 "MN" -0.693147180559945 1 "WINONA" 83 27169 1.58917 0.463211867357523
6.7 "MN" 1.90210752639692 0 "WRIGHT" 84 27171 0.913909 -0.0900242748478867
5.3 "MN" 1.66770682055808 0 "WRIGHT" 84 27171 0.913909 -0.0900242748478867
3.1 "MN" 1.1314021114911 0 "WRIGHT" 84 27171 0.913909 -0.0900242748478867
2.1 "MN" 0.741937344729377 0 "WRIGHT" 84 27171 0.913909 -0.0900242748478867
7.3 "MN" 1.98787434815435 0 "WRIGHT" 84 27171 0.913909 -0.0900242748478867
5.1 "MN" 1.62924053973028 0 "WRIGHT" 84 27171 0.913909 -0.0900242748478867
2.2 "MN" 0.78845736036427 0 "WRIGHT" 84 27171 0.913909 -0.0900242748478867
2.3 "MN" 0.832909122935104 1 "WRIGHT" 84 27171 0.913909 -0.0900242748478867
15.9 "MN" 2.76631910922619 0 "WRIGHT" 84 27171 0.913909 -0.0900242748478867
9.5 "MN" 2.2512917986065 0 "WRIGHT" 84 27171 0.913909 -0.0900242748478867
6.4 "MN" 1.85629799036563 0 "WRIGHT" 84 27171 0.913909 -0.0900242748478867
4.5 "MN" 1.50407739677627 0 "WRIGHT" 84 27171 0.913909 -0.0900242748478867
5 "MN" 1.6094379124341 0 "WRIGHT" 84 27171 0.913909 -0.0900242748478867
3.7 "MN" 1.30833281965018 0 "YELLOW MEDICINE" 85 27173 1.42659 0.355286981163884
2.9 "MN" 1.06471073699243 0 "YELLOW MEDICINE" 85 27173 1.42659 0.355286981163884
